1745
2,480
2,480
2,480
2,480
2,480
2,480
2,480
2,480
3,480
3,480
3,480
5,480
8,480
8,480
9,480
9,480
9,480
9,480
9,480
9,480
9,480
10,480
10,480
11,480
12,480
12,480
12,480
12,480
12,480
12,480
12,480
13,481
16,482
16,482
16,482
16,482
16,482
16,482
16,482
16,482
16,482
16,482
16,482
16,482
16,482
19,485
19,485
19,485
19,485
19,485
19,485
19,485
21,484
21,484
22,483
24,483
26,482
26,482
26,482
26,482
27,482
29,482
32,482
46,481
49,481
49,481
49,481
49,481
49,481
49,481
50,480
50,480
51,479
51,479
51,479
57,478
60,478
60,478
65,478
65,478
67,478
78,478
82,478
82,478
82,478
82,478
83,477
83,477
84,476
86,476
88,476
95,475
100,475
100,475
100,475
100,475
100,475
100,475
100,475
100,475
101,475
104,474
104,474
104,474
104,474
104,474
106,472
106,472
106,472
106,472
106,472
106,472
106,472
106,472
109,473
113,474
114,474
114,474
114,474
116,474
116,474
116,474
118,474
119,474
119,474
119,474
120,473
121,473
123,473
124,473
126,473
126,473
127,473
127,473
127,473
127,473
128,472
128,472
128,472
128,472
128,472
129,472
140,472
144,472
144,472
144,472
145,472
145,472
145,472
145,472
145,472
146,471
147,470
147,470
150,470
154,470
155,470
155,470
155,470
155,470
155,470
155,470
155,470
158,470
165,472
167,472
167,472
168,472
168,472
168,472
168,472
168,472
168,472
168,472
168,472
168,472
168,472
168,472
168,472
168,472
169,472
173,472
175,472
179,471
179,471
181,470
184,470
190,469
191,469
195,468
195,468
195,468
195,468
195,468
195,468
195,468
195,468
195,468
195,468
198,468
198,468
198,468
197,469
197,469
197,469
197,469
197,469
197,469
196,472
197,472
199,473
199,473
200,474
200,474
200,474
201,474
210,474
219,474
222,474
222,474
222,474
222,474
222,474
225,473
225,473
225,473
227,473
228,473
229,473
231,472
231,472
233,472
233,472
237,472
243,472
246,472
246,472
247,472
247,472
247,472
249,471
249,471
252,471
253,471
258,470
262,470
272,470
275,470
275,470
275,470
275,470
275,470
275,470
275,470
275,470
275,470
275,470
275,470
275,470
278,470
278,470
279,470
279,470
279,470
279,470
279,470
279,470
279,470
279,470
279,470
279,470
279,470
279,470
279,470
279,470
279,470
279,470
279,470
279,470
279,470
279,470
284,470
287,470
287,470
288,470
289,470
289,470
298,469
301,469
301,469
301,469
302,469
307,469
309,469
309,469
309,469
310,468
310,468
310,468
310,468
310,468
310,468
315,469
316,469
316,469
316,469
317,469
317,469
317,469
317,469
317,469
317,469
317,469
318,469
319,469
320,469
320,469
321,469
321,469
321,469
321,469
321,469
321,469
321,469
325,469
334,469
337,469
337,469
337,469
337,469
338,469
339,469
347,470
348,471
348,471
348,471
348,471
349,471
349,471
350,471
350,471
350,471
350,471
350,471
350,471
350,471
350,471
350,471
353,471
356,471
356,471
356,471
356,471
356,471
359,472
366,475
366,475
366,475
366,475
367,475
367,475
367,475
368,475
368,475
368,475
369,474
370,473
370,473
370,473
370,473
370,473
372,471
372,471
382,471
386,471
386,471
386,471
386,471
386,471
386,471
386,471
386,471
386,471
390,472
393,473
393,473
395,473
395,473
396,473
397,473
397,473
397,473
397,473
397,473
397,473
397,473
397,473
397,473
397,473
397,473
397,473
400,473
401,472
401,472
401,472
403,471
408,470
410,470
412,469
412,469
412,469
412,469
412,469
412,469
412,469
412,469
412,469
412,469
412,469
413,468
413,468
413,468
414,467
418,466
418,466
419,465
419,465
419,465
420,464
420,464
420,464
420,464
420,464
420,464
421,463
423,461
433,459
438,459
442,459
447,459
447,459
447,459
447,459
447,459
447,459
447,459
447,459
447,459
448,459
449,458
449,458
449,457
449,453
449,452
449,451
449,450
449,450
449,450
449,448
449,448
449,447
449,442
449,442
449,440
449,440
449,439
449,436
449,435
449,435
449,435
449,435
449,434
449,434
449,433
449,433
449,433
449,433
449,431
449,431
449,431
449,430
449,430
449,429
449,425
449,425
449,425
449,425
449,419
449,419
449,418
449,417
449,417
449,416
449,416
449,416
449,416
449,416
449,413
449,412
449,412
449,412
449,411
449,411
449,411
449,411
449,409
449,408
449,407
448,403
447,402
444,401
444,397
444,397
444,397
444,397
444,397
444,397
444,394
444,394
444,394
444,393
444,392
444,388
444,388
444,387
444,387
444,387
444,387
444,387
444,386
444,386
444,383
444,382
444,381
444,380
444,380
444,380
444,380
445,379
445,379
445,379
445,379
445,379
445,379
445,379
445,379
445,379
445,379
445,379
445,379
445,379
445,375
445,375
445,374
445,372
445,371
445,371
445,368
445,365
445,365
445,363
445,361
445,359
445,359
445,359
445,358
445,358
445,356
445,356
445,355
445,354
445,353
445,353
445,349
445,349
445,349
444,346
444,346
444,346
444,346
443,344
443,344
442,342
442,333
442,332
442,332
442,332
442,331
442,331
442,330
441,325
441,325
441,325
441,324
441,324
442,321
443,320
444,319
444,319
445,318
445,318
445,318
445,318
445,318
446,317
446,317
446,317
447,313
448,310
449,309
450,306
452,304
452,303
454,301
456,299
456,299
457,298
457,298
457,298
457,298
457,298
457,298
457,298
457,298
457,298
457,298
457,298
457,298
457,298
457,298
457,297
458,296
458,296
459,296
459,296
464,295
469,293
469,293
469,293
469,293
469,293
469,293
469,293
472,291
472,291
472,291
472,291
472,291
473,287
474,286
475,285
476,284
477,283
477,283
479,281
480,280
480,280
482,278
483,277
484,276
490,274
492,273
493,273
495,273
499,273
500,273
500,273
501,272
501,272
501,272
504,270
505,269
506,268
506,268
506,268
506,268
510,268
513,268
514,268
514,268
515,268
515,268
518,268
518,268
518,268
518,268
518,268
518,268
518,268
518,268
518,268
518,268
518,268
519,268
520,268
521,268
521,268
521,268
521,268
523,268
523,268
523,268
523,268
523,268
523,268
524,269
525,271
525,272
526,272
526,272
531,272
533,272
533,272
533,272
536,272
536,272
537,272
538,272
539,272
549,271
550,271
550,271
550,271
550,271
552,270
552,270
556,269
556,269
561,269
561,269
563,268
563,268
567,268
570,269
575,270
578,271
580,271
582,271
586,271
586,271
586,271
586,271
586,271
589,271
599,271
600,271
600,271
600,271
600,271
602,271
611,274
612,274
614,274
616,275
622,275
622,275
622,275
623,275
623,275
623,275
629,274
630,274
630,274
630,274
630,274
630,274
630,274
630,274
630,274
630,274
636,273
636,273
637,273
642,273
642,273
643,276
643,276
649,278
649,278
651,279
651,279
651,279
651,279
651,279
653,281
654,282
658,285
658,285
658,285
658,285
660,288
660,288
661,289
661,289
663,290
668,294
668,295
669,296
669,296
670,298
670,298
671,301
672,303
672,303
673,307
673,308
675,311
675,311
675,314
675,315
675,316
675,316
675,319
675,319
675,319
675,321
676,325
676,327
676,327
676,328
676,328
676,328
676,329
676,330
676,330
676,330
677,334
677,334
677,334
677,334
677,334
677,335
677,337
677,337
677,339
677,340
677,340
677,340
677,340
677,340
677,340
677,340
677,340
677,341
677,344
677,344
677,344
677,346
677,346
677,347
677,348
677,348
677,348
677,356
677,356
677,356
677,356
677,356
677,357
677,359
677,359
677,360
677,361
677,361
677,361
677,361
677,363
677,364
677,364
677,366
677,366
677,366
677,369
677,370
677,370
677,372
677,372
677,374
677,374
677,374
677,374
677,376
677,377
677,378
677,380
677,380
677,381
677,387
677,387
677,387
677,387
677,387
677,387
677,387
677,388
677,390
678,393
678,394
678,394
678,394
678,394
678,395
678,396
678,396
678,397
678,400
678,400
678,400
678,401
678,401
679,406
680,410
680,410
681,412
681,415
681,416
681,417
681,417
681,417
685,422
688,429
688,429
688,429
688,429
688,429
688,429
688,429
688,429
688,430
688,430
688,430
692,433
692,433
696,434
696,434
698,436
699,437
699,437
699,437
700,438
702,440
702,440
702,440
702,440
702,440
702,440
702,440
702,440
702,440
702,440
704,440
706,441
706,441
707,441
707,441
707,441
707,441
708,441
709,441
709,441
709,441
709,441
709,441
710,442
714,446
715,447
716,448
716,448
716,448
716,448
716,448
716,448
716,448
716,448
716,448
716,448
720,452
721,453
721,453
721,453
721,453
721,453
723,454
726,454
730,454
731,454
732,454
734,454
740,454
743,454
753,455
756,455
756,455
756,455
756,455
756,455
756,455
756,455
756,455
759,456
765,458
766,458
767,458
767,458
768,458
769,458
769,458
769,458
769,458
770,458
770,458
770,458
770,458
773,458
774,458
785,457
785,457
785,457
785,457
785,457
785,457
785,457
785,457
785,457
787,457
791,457
791,457
791,457
791,457
791,457
791,457
791,457
794,457
795,457
795,457
796,457
797,456
797,456
797,456
797,456
798,455
798,455
802,455
809,455
815,457
815,457
815,457
815,457
815,457
815,457
815,457
815,457
815,457
815,457
816,457
816,457
817,457
817,457
818,457
820,457
827,459
828,459
829,459
829,459
829,459
829,459
829,459
829,459
830,459
830,459
830,459
830,459
830,459
830,459
830,459
830,459
830,459
837,459
841,459
843,458
844,458
844,458
844,458
845,458
846,457
846,457
846,457
849,457
856,456
856,456
856,456
856,456
856,456
856,456
859,456
859,456
862,456
863,456
863,456
864,456
864,456
864,456
864,456
864,456
864,456
865,456
866,456
866,456
866,456
866,456
866,456
867,458
867,458
867,458
867,458
867,458
867,458
867,458
867,458
867,458
867,458
867,458
868,458
868,458
868,458
869,458
870,458
878,460
878,460
878,460
878,460
878,460
879,460
880,460
882,460
884,459
884,459
884,459
891,459
892,459
897,459
898,459
903,459
905,459
918,459
921,459
921,459
921,459
921,459
921,459
921,459
921,459
921,459
921,459
921,459
921,459
924,458
924,458
926,457
927,456
927,456
927,456
927,456
927,456
929,456
929,456
932,453
934,451
934,451
935,450
935,450
938,448
942,445
942,445
944,444
945,444
945,444
945,444
946,443
946,443
949,441
951,439
951,436
952,433
952,433
953,429
953,429
953,429
953,428
953,426
953,426
954,424
954,424
954,424
954,421
955,419
955,418
955,418
955,416
955,415
955,415
955,414
955,413
955,413
954,410
954,410
954,410
952,405
952,405
952,405
948,404
948,404
948,404
947,400
946,397
946,397
945,395
945,392
945,392
945,390
944,389
944,388
943,386
943,386
943,385
942,380
942,379
942,377
942,374
942,373
942,369
942,368
942,366
942,366
942,362
942,362
942,361
942,358
942,357
942,356
943,355
943,354
944,352
944,351
945,347
945,344
945,343
945,342
945,340
945,340
945,340
945,340
945,340
945,340
945,340
945,339
945,339
945,339
945,339
945,339
945,339
945,339
945,339
945,339
945,339
945,339
945,339
945,339
945,339
945,338
945,338
945,337
945,335
945,335
945,330
945,327
945,327
945,327
945,327
945,327
945,327
945,327
945,326
945,325
945,325
945,324
946,322
946,322
946,322
946,322
946,322
946,322
946,322
946,321
947,321
947,321
947,320
947,320
947,320
947,320
947,320
947,314
947,308
947,306
947,301
947,299
947,299
947,296
947,295
947,295
947,292
947,291
947,288
947,288
947,288
948,285
948,285
948,285
949,284
949,284
949,284
949,282
949,282
949,282
949,282
950,279
950,278
950,278
950,278
950,278
950,278
951,275
952,275
952,275
952,275
952,275
952,275
952,275
952,274
952,274
952,273
952,273
952,273
952,272
952,271
952,271
952,271
952,269
952,263
952,261
953,259
953,255
953,255
953,255
953,255
953,253
954,251
954,250
955,248
955,248
955,248
955,247
955,246
955,246
955,243
955,243
955,243
955,240
955,240
955,237
955,234
955,234
955,234
955,233
955,233
955,229
955,229
955,229
955,229
955,229
955,226
955,225
955,225
955,224
953,219
953,219
953,219
953,219
953,219
953,219
953,219
953,218
953,218
953,217
952,213
952,213
952,213
952,213
952,213
952,213
951,210
951,210
951,209
951,206
951,206
951,204
951,199
951,196
951,195
951,192
951,191
951,191
951,190
951,186
951,185
951,184
952,183
952,179
952,178
952,178
952,176
952,176
952,174
952,171
952,171
952,167
952,165
952,165
952,165
952,163
952,162
952,159
952,159
952,159
952,157
952,156
952,156
952,156
952,156
952,156
952,156
952,154
952,152
952,151
952,150
952,150
952,147
953,147
953,147
953,147
953,147
953,146
954,146
955,145
955,145
955,145
955,145
955,145
956,144
956,143
957,142
957,142
957,142
957,142
957,142
957,140
957,138
957,137
957,137
957,136
957,136
957,136
957,136
957,136
957,136
957,136
957,136
957,136
957,136
957,136
957,136
957,136
957,132
957,132
957,132
957,131
957,130
957,130
957,129
957,129
957,129
957,129
957,129
957,129
956,131
956,131
956,131
956,131
956,131
956,131
956,131
956,131
956,131
956,132
957,131
957,129
957,129
957,125
957,120
957,120
957,120
957,120
957,117
957,116
957,116
957,114
957,114
957,112
957,108
957,108
957,103
957,102
957,102
957,101
957,101
957,99
957,97
957,97
957,97
957,94
957,94
957,94
956,92
956,91
956,84
956,83
956,83
955,81
955,81
955,80
954,78
954,76
954,76
954,76
954,76
954,74
954,74
954,73
954,72
954,72
954,72
954,71
954,67
954,67
954,67
954,67
954,66
954,65
953,62
953,61
953,60
951,59
951,59
951,58
950,57
950,57
949,56
949,56
949,53
948,52
947,51
946,47
946,47
946,47
945,45
945,45
945,45
944,44
942,44
941,44
938,43
937,42
935,42
927,40
925,39
925,39
920,38
918,38
918,38
918,38
918,38
917,38
915,37
915,37
915,37
910,36
909,36
908,36
908,36
906,36
904,36
903,36
899,36
894,36
893,36
893,36
893,36
888,36
886,36
883,36
879,36
875,35
875,35
875,35
875,35
874,35
869,35
866,35
865,35
862,35
858,35
858,35
856,36
854,36
849,36
843,37
842,37
841,37
835,38
832,38
831,38
826,38
825,39
824,39
822,39
822,39
818,39
813,39
808,39
805,39
805,39
802,39
799,39
793,39
791,39
788,39
784,39
784,39
784,39
784,39
784,39
781,39
777,39
769,39
764,39
760,39
751,39
748,39
744,39
743,39
740,39
739,39
735,39
729,39
725,39
725,39
720,40
716,41
714,41
709,42
709,42
707,43
705,44
699,45
696,48
686,53
682,54
682,54
680,57
679,59
679,59
675,63
675,63
672,64
672,64
672,64
672,64
670,69
670,69
670,69
669,74
668,77
668,78
668,81
668,81
668,84
668,88
668,88
668,88
668,91
668,94
668,99
668,103
669,108
669,113
670,116
670,118
673,119
673,120
673,121
673,121
673,126
673,128
673,129
674,132
674,132
674,132
674,132
674,132
674,133
675,136
675,137
676,142
676,142
676,146
676,149
676,150
676,153
676,153
676,157
676,158
676,159
676,163
676,164
676,164
676,164
676,167
676,171
675,173
675,173
673,177
673,179
673,183
673,188
673,188
