7890
-50,496
-50,496
-50,496
-49,496
-49,496
-49,496
-48,496
-48,496
-48,496
-47,496
-47,496
-47,496
-46,496
-46,496
-46,496
-45,496
-45,496
-45,496
-44,496
-44,496
-44,496
-43,496
-43,496
-43,496
-42,496
-42,496
-42,496
-41,496
-41,496
-41,496
-40,496
-40,496
-40,496
-39,496
-39,496
-39,496
-38,496
-38,496
-38,496
-37,496
-37,496
-37,496
-36,496
-36,496
-36,496
-35,496
-35,496
-35,496
-34,496
-34,496
-34,496
-33,496
-33,496
-33,496
-32,496
-32,496
-32,496
-31,496
-31,496
-31,496
-30,496
-30,496
-30,496
-29,496
-29,496
-29,496
-28,496
-28,496
-28,496
-27,496
-27,496
-27,496
-26,496
-26,496
-26,496
-25,496
-25,496
-25,496
-24,496
-24,496
-24,496
-23,496
-23,496
-23,496
-22,496
-22,496
-22,496
-21,496
-21,496
-21,496
-20,496
-20,496
-20,496
-19,496
-19,496
-19,496
-18,496
-18,496
-18,496
-17,496
-17,496
-17,496
-16,496
-16,496
-16,496
-15,496
-15,496
-15,496
-14,496
-14,496
-14,496
-13,496
-13,496
-13,496
-12,496
-12,496
-12,496
-11,496
-11,496
-11,496
-10,496
-10,496
-10,496
-9,496
-9,496
-9,496
-8,496
-8,496
-8,496
-7,496
-7,496
-7,496
-6,496
-6,496
-6,496
-5,496
-5,496
-5,496
-4,496
-4,496
-4,496
-3,496
-3,496
-3,496
-2,496
-2,496
-2,496
-1,496
-1,496
-1,496
0,496
0,496
0,496
1,496
1,496
1,496
2,496
2,496
2,496
3,496
3,496
3,496
4,496
4,496
4,496
5,496
5,496
5,496
6,496
6,496
6,496
7,496
7,496
7,496
8,496
8,496
8,496
9,496
9,496
9,496
10,496
10,496
10,496
11,496
11,496
11,496
12,496
12,496
12,496
13,496
13,496
13,496
14,496
14,496
14,496
15,496
15,496
15,496
16,496
16,496
16,496
17,496
17,496
17,496
18,496
18,496
18,496
19,496
19,496
19,496
20,496
20,496
20,496
21,496
21,496
21,496
22,496
22,496
22,496
23,496
23,496
23,496
24,496
24,496
24,496
25,496
25,496
25,496
26,496
26,496
26,496
27,496
27,496
27,496
28,496
28,496
28,496
29,496
29,496
29,496
30,496
30,496
30,496
31,496
31,496
31,496
32,496
32,496
32,496
33,496
33,496
33,496
34,496
34,496
34,496
35,496
35,496
35,496
36,496
36,496
36,496
37,496
37,496
37,496
38,496
38,496
38,496
39,496
39,496
39,496
40,496
40,496
40,496
41,496
41,496
41,496
42,496
42,496
42,496
43,496
43,496
43,496
44,496
44,496
44,496
45,496
45,496
45,496
46,496
46,496
46,496
47,496
47,496
47,496
48,496
48,496
48,496
49,496
49,496
49,496
50,496
50,496
50,496
51,496
51,496
51,496
52,496
52,496
52,496
53,496
53,496
53,496
54,496
54,496
54,496
55,496
55,496
55,496
56,496
56,496
56,496
57,496
57,496
57,496
58,496
58,496
58,496
59,496
59,496
59,496
60,496
60,496
60,496
61,496
61,496
61,496
62,496
62,496
62,496
63,496
63,496
63,496
64,496
64,496
64,496
65,496
65,496
65,496
66,496
66,496
66,496
67,496
67,496
67,496
68,496
68,496
68,496
69,496
69,496
69,496
70,496
70,496
70,496
71,496
71,496
71,496
72,496
72,496
72,496
73,496
73,496
73,496
74,496
74,496
74,496
75,496
75,496
75,496
76,496
76,496
76,496
77,496
77,496
77,496
78,496
78,496
78,496
79,496
79,496
79,496
80,496
80,496
80,496
81,496
81,496
81,496
82,496
82,496
82,496
83,496
83,496
83,496
84,496
84,496
84,496
85,496
85,496
85,496
86,496
86,496
86,496
87,496
87,496
87,496
88,496
88,496
88,496
89,496
89,496
89,496
90,496
90,496
90,496
91,496
91,496
91,496
92,496
92,496
92,496
93,496
93,496
93,496
94,496
94,496
94,496
95,496
95,496
95,496
96,496
96,496
96,496
97,496
97,496
97,496
98,496
98,496
98,496
99,496
99,496
99,496
100,496
100,496
100,496
101,496
101,496
101,496
102,496
102,496
102,496
103,496
103,496
103,496
104,496
104,496
104,496
105,496
105,496
105,496
106,496
106,496
106,496
107,496
107,496
107,496
108,496
108,496
108,496
109,496
109,496
109,496
110,496
110,496
110,496
111,496
111,496
111,496
112,496
112,496
112,496
113,496
113,496
113,496
114,496
114,496
114,496
115,496
115,496
115,496
116,496
116,496
116,496
117,496
117,496
117,496
118,496
118,496
118,496
119,496
119,496
119,496
120,496
120,496
120,496
121,496
121,496
121,496
122,496
122,496
122,496
123,496
123,496
123,496
124,496
124,496
124,496
125,496
125,496
125,496
126,496
126,496
126,496
127,496
127,496
127,496
128,496
128,496
128,496
129,496
129,496
129,496
130,496
130,496
130,496
131,496
131,496
131,496
132,496
132,496
132,496
133,496
133,496
133,496
134,496
134,496
134,496
135,496
135,496
135,496
136,496
136,496
136,496
136,495
136,495
136,495
136,494
136,494
136,494
136,493
136,493
136,493
136,492
136,492
136,492
136,491
136,491
136,491
136,490
136,490
136,490
136,489
136,489
136,489
136,488
136,488
136,488
136,487
136,487
136,487
136,486
136,486
136,486
136,485
136,485
136,485
136,484
136,484
136,484
136,483
136,483
136,483
136,482
136,482
136,482
136,481
136,481
136,481
136,480
136,480
136,480
136,479
136,479
136,479
136,478
136,478
136,478
136,477
136,477
136,477
136,476
136,476
136,476
136,475
136,475
136,475
136,474
136,474
136,474
136,473
136,473
136,473
136,472
136,472
136,472
136,471
136,471
136,471
136,470
136,470
136,470
136,469
136,469
136,469
136,468
136,468
136,468
136,467
136,467
136,467
136,466
136,466
136,466
136,465
136,465
136,465
136,464
136,464
136,464
136,463
136,463
136,463
136,462
136,462
136,462
136,461
136,461
136,461
136,460
136,460
136,460
136,459
136,459
136,459
136,458
136,458
136,458
136,457
136,457
136,457
136,456
136,456
136,456
136,455
136,455
136,455
136,454
136,454
136,454
136,453
136,453
136,453
136,452
136,452
136,452
136,451
136,451
136,451
136,450
136,450
136,450
136,449
136,449
136,449
136,448
136,448
136,448
136,447
136,447
136,447
136,446
136,446
136,446
136,445
136,445
136,445
136,444
136,444
136,444
136,443
136,443
136,443
136,442
136,442
136,442
136,441
136,441
136,441
136,440
136,440
136,440
136,439
136,439
136,439
136,438
136,438
136,438
136,437
136,437
136,437
136,436
136,436
136,436
136,435
136,435
136,435
136,434
136,434
136,434
136,433
136,433
136,433
136,432
136,432
136,432
136,431
136,431
136,431
136,430
136,430
136,430
136,429
136,429
136,429
136,428
136,428
136,428
136,427
136,427
136,427
136,426
136,426
136,426
136,425
136,425
136,425
136,424
136,424
136,424
136,423
136,423
136,423
136,422
136,422
136,422
136,421
136,421
136,421
136,420
136,420
136,420
136,419
136,419
136,419
136,418
136,418
136,418
136,417
136,417
136,417
136,416
136,416
136,416
136,415
136,415
136,415
136,414
136,414
136,414
136,413
136,413
136,413
136,412
136,412
136,412
136,411
136,411
136,411
136,410
136,410
136,410
136,409
136,409
136,409
136,408
136,408
136,408
136,407
136,407
136,407
136,406
136,406
136,406
136,405
136,405
136,405
136,404
136,404
136,404
136,403
136,403
136,403
136,402
136,402
136,402
136,401
136,401
136,401
136,400
136,400
136,400
136,399
136,399
136,399
136,398
136,398
136,398
136,397
136,397
136,397
136,396
136,396
136,396
136,395
136,395
136,395
136,394
136,394
136,394
136,393
136,393
136,393
136,392
136,392
136,392
136,391
136,391
136,391
136,390
136,390
136,390
136,389
136,389
136,389
136,388
136,388
136,388
136,387
136,387
136,387
136,386
136,386
136,386
136,385
136,385
136,385
136,384
136,384
136,384
136,383
136,383
136,383
136,382
136,382
136,382
136,381
136,381
136,381
136,380
136,380
136,380
136,379
136,379
136,379
136,378
136,378
136,378
136,377
136,377
136,377
136,376
136,376
136,376
136,375
136,375
136,375
136,374
136,374
136,374
136,373
136,373
136,373
136,372
136,372
136,372
136,371
136,371
136,371
136,370
136,370
136,370
136,369
136,369
136,369
136,368
136,368
136,368
136,367
136,367
136,367
136,366
136,366
136,366
136,365
136,365
136,365
136,364
136,364
136,364
136,363
136,363
136,363
136,362
136,362
136,362
136,361
136,361
136,361
136,360
136,360
136,360
136,359
136,359
136,359
136,358
136,358
136,358
136,357
136,357
136,357
136,356
136,356
136,356
136,355
136,355
136,355
136,354
136,354
136,354
136,353
136,353
136,353
136,352
136,352
136,352
136,351
136,351
136,351
136,350
136,350
136,350
136,349
136,349
136,349
136,348
136,348
136,348
136,347
136,347
136,347
136,346
136,346
136,346
136,345
136,345
136,345
136,344
136,344
136,344
136,343
136,343
136,343
136,342
136,342
136,342
136,341
136,341
136,341
136,340
136,340
136,340
136,339
136,339
136,339
136,338
136,338
136,338
136,337
136,337
136,337
136,336
136,336
136,336
136,335
136,335
136,335
136,334
136,334
136,334
136,333
136,333
136,333
136,332
136,332
136,332
136,331
136,331
136,331
136,330
136,330
136,330
136,329
136,329
136,329
136,328
136,328
136,328
136,327
136,327
136,327
136,326
136,326
136,326
136,325
136,325
136,325
136,324
136,324
136,324
136,323
136,323
136,323
136,322
136,322
136,322
136,321
136,321
136,321
136,320
136,320
136,320
136,319
136,319
136,319
136,318
136,318
136,318
136,317
136,317
136,317
136,316
136,316
136,316
136,315
136,315
136,315
136,314
136,314
136,314
136,313
136,313
136,313
136,312
136,312
136,312
136,311
136,311
136,311
136,310
136,310
136,310
136,309
136,309
136,309
136,308
136,308
136,308
136,307
136,307
136,307
136,306
136,306
136,306
136,305
136,305
136,305
136,304
136,304
136,304
136,303
136,303
136,303
136,302
136,302
136,302
136,301
136,301
136,301
136,300
136,300
136,300
136,299
136,299
136,299
136,298
136,298
136,298
136,297
136,297
136,297
136,296
136,296
136,296
136,295
136,295
136,295
136,294
136,294
136,294
136,293
136,293
136,293
136,292
136,292
136,292
136,291
136,291
136,291
136,290
136,290
136,290
136,289
136,289
136,289
136,288
136,288
136,288
136,287
136,287
136,287
136,286
136,286
136,286
136,285
136,285
136,285
136,284
136,284
136,284
136,283
136,283
136,283
136,282
136,282
136,282
136,281
136,281
136,281
136,280
136,280
136,280
136,279
136,279
136,279
136,278
136,278
136,278
136,277
136,277
136,277
136,276
136,276
136,276
136,275
136,275
136,275
136,274
136,274
136,274
136,273
136,273
136,273
136,272
136,272
136,272
136,271
136,271
136,271
136,270
136,270
136,270
136,269
136,269
136,269
136,268
136,268
136,268
136,267
136,267
136,267
136,266
136,266
136,266
136,265
136,265
136,265
136,264
136,264
136,264
136,263
136,263
136,263
136,262
136,262
136,262
136,261
136,261
136,261
136,260
136,260
136,260
136,259
136,259
136,259
136,258
136,258
136,258
136,257
136,257
136,257
136,256
136,256
136,256
136,255
136,255
136,255
136,254
136,254
136,254
136,253
136,253
136,253
136,252
136,252
136,252
136,251
136,251
136,251
136,250
136,250
136,250
136,249
136,249
136,249
136,248
136,248
136,248
136,247
136,247
136,247
136,246
136,246
136,246
136,245
136,245
136,245
136,244
136,244
136,244
136,243
136,243
136,243
136,242
136,242
136,242
136,241
136,241
136,241
136,240
136,240
136,240
136,239
136,239
136,239
136,238
136,238
136,238
136,237
136,237
136,237
136,236
136,236
136,236
136,235
136,235
136,235
136,234
136,234
136,234
136,233
136,233
136,233
136,232
136,232
136,232
136,231
136,231
136,231
136,230
136,230
136,230
136,229
136,229
136,229
136,228
136,228
136,228
136,227
136,227
136,227
136,226
136,226
136,226
136,225
136,225
136,225
136,224
136,224
136,224
136,223
136,223
136,223
136,222
136,222
136,222
136,221
136,221
136,221
136,220
136,220
136,220
136,219
136,219
136,219
136,218
136,218
136,218
136,217
136,217
136,217
136,216
136,216
136,216
136,215
136,215
136,215
136,214
136,214
136,214
136,213
136,213
136,213
136,212
136,212
136,212
136,211
136,211
136,211
136,210
136,210
136,210
136,209
136,209
136,209
136,208
136,208
136,208
136,207
136,207
136,207
136,206
136,206
136,206
136,205
136,205
136,205
136,204
136,204
136,204
136,203
136,203
136,203
136,202
136,202
136,202
136,201
136,201
136,201
136,200
136,200
136,200
136,199
136,199
136,199
136,198
136,198
136,198
136,197
136,197
136,197
136,196
136,196
136,196
136,195
136,195
136,195
136,194
136,194
136,194
136,193
136,193
136,193
136,192
136,192
136,192
136,191
136,191
136,191
136,190
136,190
136,190
136,189
136,189
136,189
136,188
136,188
136,188
136,187
136,187
136,187
136,186
136,186
136,186
136,185
136,185
136,185
136,184
136,184
136,184
136,183
136,183
136,183
136,182
136,182
136,182
136,181
136,181
136,181
136,180
136,180
136,180
136,179
136,179
136,179
136,178
136,178
136,178
136,177
136,177
136,177
136,176
136,176
136,176
136,175
136,175
136,175
136,174
136,174
136,174
136,173
136,173
136,173
136,172
136,172
136,172
136,171
136,171
136,171
136,170
136,170
136,170
136,169
136,169
136,169
136,168
136,168
136,168
136,167
136,167
136,167
136,166
136,166
136,166
136,165
136,165
136,165
136,164
136,164
136,164
136,163
136,163
136,163
136,162
136,162
136,162
136,161
136,161
136,161
136,160
136,160
136,160
136,159
136,159
136,159
136,158
136,158
136,158
136,157
136,157
136,157
136,156
136,156
136,156
136,155
136,155
136,155
136,154
136,154
136,154
136,153
136,153
136,153
136,152
136,152
136,152
136,151
136,151
136,151
136,150
136,150
136,150
136,149
136,149
136,149
136,148
136,148
136,148
136,147
136,147
136,147
136,146
136,146
136,146
136,145
136,145
136,145
136,144
136,144
136,144
136,143
136,143
136,143
136,142
136,142
136,142
136,141
136,141
136,141
136,140
136,140
136,140
136,139
136,139
136,139
136,138
136,138
136,138
136,137
136,137
136,137
136,136
136,136
136,136
136,135
136,135
136,135
136,134
136,134
136,134
136,133
136,133
136,133
136,132
136,132
136,132
136,131
136,131
136,131
136,130
136,130
136,130
136,129
136,129
136,129
136,128
136,128
136,128
136,127
136,127
136,127
136,126
136,126
136,126
136,125
136,125
136,125
136,124
136,124
136,124
136,123
136,123
136,123
136,122
136,122
136,122
136,121
136,121
136,121
136,120
136,120
136,120
136,119
136,119
136,119
136,118
136,118
136,118
136,117
136,117
136,117
136,116
136,116
136,116
136,115
136,115
136,115
136,114
136,114
136,114
136,113
136,113
136,113
136,112
136,112
136,112
136,111
136,111
136,111
136,110
136,110
136,110
136,109
136,109
136,109
136,108
136,108
136,108
136,107
136,107
136,107
136,106
136,106
136,106
137,106
137,106
137,106
138,106
138,106
138,106
139,106
139,106
139,106
140,106
140,106
140,106
141,106
141,106
141,106
142,106
142,106
142,106
143,106
143,106
143,106
144,106
144,106
144,106
145,106
145,106
145,106
146,106
146,106
146,106
147,106
147,106
147,106
148,106
148,106
148,106
149,106
149,106
149,106
150,106
150,106
150,106
151,106
151,106
151,106
152,106
152,106
152,106
153,106
153,106
153,106
154,106
154,106
154,106
155,106
155,106
155,106
156,106
156,106
156,106
157,106
157,106
157,106
158,106
158,106
158,106
159,106
159,106
159,106
160,106
160,106
160,106
161,106
161,106
161,106
162,106
162,106
162,106
163,106
163,106
163,106
164,106
164,106
164,106
165,106
165,106
165,106
166,106
166,106
166,106
167,106
167,106
167,106
168,106
168,106
168,106
169,106
169,106
169,106
170,106
170,106
170,106
171,106
171,106
171,106
172,106
172,106
172,106
173,106
173,106
173,106
174,106
174,106
174,106
175,106
175,106
175,106
176,106
176,106
176,106
177,106
177,106
177,106
178,106
178,106
178,106
179,106
179,106
179,106
180,106
180,106
180,106
181,106
181,106
181,106
182,106
182,106
182,106
183,106
183,106
183,106
184,106
184,106
184,106
185,106
185,106
185,106
186,106
186,106
186,106
187,106
187,106
187,106
188,106
188,106
188,106
189,106
189,106
189,106
190,106
190,106
190,106
191,106
191,106
191,106
192,106
192,106
192,106
193,106
193,106
193,106
194,106
194,106
194,106
195,106
195,106
195,106
196,106
196,106
196,106
197,106
197,106
197,106
198,106
198,106
198,106
199,106
199,106
199,106
200,106
200,106
200,106
201,106
201,106
201,106
202,106
202,106
202,106
203,106
203,106
203,106
204,106
204,106
204,106
205,106
205,106
205,106
206,106
206,106
206,106
207,106
207,106
207,106
208,106
208,106
208,106
209,106
209,106
209,106
210,106
210,106
210,106
211,106
211,106
211,106
212,106
212,106
212,106
213,106
213,106
213,106
214,106
214,106
214,106
215,106
215,106
215,106
216,106
216,106
216,106
217,106
217,106
217,106
218,106
218,106
218,106
219,106
219,106
219,106
220,106
220,106
220,106
221,106
221,106
221,106
222,106
222,106
222,106
223,106
223,106
223,106
224,106
224,106
224,106
225,106
225,106
225,106
226,106
226,106
226,106
227,106
227,106
227,106
228,106
228,106
228,106
229,106
229,106
229,106
230,106
230,106
230,106
231,106
231,106
231,106
232,106
232,106
232,106
233,106
233,106
233,106
234,106
234,106
234,106
235,106
235,106
235,106
236,106
236,106
236,106
237,106
237,106
237,106
238,106
238,106
238,106
239,106
239,106
239,106
240,106
240,106
240,106
241,106
241,106
241,106
242,106
242,106
242,106
243,106
243,106
243,106
244,106
244,106
244,106
245,106
245,106
245,106
246,106
246,106
246,106
247,106
247,106
247,106
248,106
248,106
248,106
249,106
249,106
249,106
250,106
250,106
250,106
251,106
251,106
251,106
252,106
252,106
252,106
253,106
253,106
253,106
254,106
254,106
254,106
255,106
255,106
255,106
256,106
256,106
256,106
257,106
257,106
257,106
258,106
258,106
258,106
259,106
259,106
259,106
260,106
260,106
260,106
261,106
261,106
261,106
262,106
262,106
262,106
263,106
263,106
263,106
264,106
264,106
264,106
265,106
265,106
265,106
266,106
266,106
266,106
267,106
267,106
267,106
268,106
268,106
268,106
269,106
269,106
269,106
270,106
270,106
270,106
271,106
271,106
271,106
272,106
272,106
272,106
273,106
273,106
273,106
274,106
274,106
274,106
275,106
275,106
275,106
276,106
276,106
276,106
277,106
277,106
277,106
278,106
278,106
278,106
279,106
279,106
279,106
280,106
280,106
280,106
281,106
281,106
281,106
282,106
282,106
282,106
283,106
283,106
283,106
284,106
284,106
284,106
285,106
285,106
285,106
286,106
286,106
286,106
287,106
287,106
287,106
288,106
288,106
288,106
289,106
289,106
289,106
290,106
290,106
290,106
291,106
291,106
291,106
292,106
292,106
292,106
293,106
293,106
293,106
294,106
294,106
294,106
295,106
295,106
295,106
296,106
296,106
296,106
297,106
297,106
297,106
298,106
298,106
298,106
299,106
299,106
299,106
300,106
300,106
300,106
301,106
301,106
301,106
302,106
302,106
302,106
303,106
303,106
303,106
304,106
304,106
304,106
305,106
305,106
305,106
306,106
306,106
306,106
307,106
307,106
307,106
308,106
308,106
308,106
309,106
309,106
309,106
310,106
310,106
310,106
311,106
311,106
311,106
312,106
312,106
312,106
313,106
313,106
313,106
314,106
314,106
314,106
315,106
315,106
315,106
316,106
316,106
316,106
317,106
317,106
317,106
318,106
318,106
318,106
319,106
319,106
319,106
320,106
320,106
320,106
321,106
321,106
321,106
322,106
322,106
322,106
323,106
323,106
323,106
324,106
324,106
324,106
325,106
325,106
325,106
326,106
326,106
326,106
327,106
327,106
327,106
328,106
328,106
328,106
329,106
329,106
329,106
330,106
330,106
330,106
331,106
331,106
331,106
332,106
332,106
332,106
333,106
333,106
333,106
334,106
334,106
334,106
335,106
335,106
335,106
336,106
336,106
336,106
337,106
337,106
337,106
338,106
338,106
338,106
339,106
339,106
339,106
340,106
340,106
340,106
341,106
341,106
341,106
342,106
342,106
342,106
343,106
343,106
343,106
344,106
344,106
344,106
345,106
345,106
345,106
346,106
346,106
346,106
347,106
347,106
347,106
348,106
348,106
348,106
349,106
349,106
349,106
350,106
350,106
350,106
351,106
351,106
351,106
352,106
352,106
352,106
353,106
353,106
353,106
354,106
354,106
354,106
355,106
355,106
355,106
356,106
356,106
356,106
357,106
357,106
357,106
358,106
358,106
358,106
359,106
359,106
359,106
360,106
360,106
360,106
361,106
361,106
361,106
362,106
362,106
362,106
363,106
363,106
363,106
364,106
364,106
364,106
365,106
365,106
365,106
366,106
366,106
366,106
367,106
367,106
367,106
368,106
368,106
368,106
369,106
369,106
369,106
370,106
370,106
370,106
371,106
371,106
371,106
372,106
372,106
372,106
373,106
373,106
373,106
374,106
374,106
374,106
375,106
375,106
375,106
376,106
376,106
376,106
377,106
377,106
377,106
378,106
378,106
378,106
379,106
379,106
379,106
380,106
380,106
380,106
381,106
381,106
381,106
382,106
382,106
382,106
383,106
383,106
383,106
384,106
384,106
384,106
385,106
385,106
385,106
386,106
386,106
386,106
387,106
387,106
387,106
388,106
388,106
388,106
389,106
389,106
389,106
390,106
390,106
390,106
391,106
391,106
391,106
392,106
392,106
392,106
393,106
393,106
393,106
394,106
394,106
394,106
395,106
395,106
395,106
396,106
396,106
396,106
397,106
397,106
397,106
398,106
398,106
398,106
399,106
399,106
399,106
400,106
400,106
400,106
401,106
401,106
401,106
402,106
402,106
402,106
403,106
403,106
403,106
404,106
404,106
404,106
405,106
405,106
405,106
406,106
406,106
406,106
407,106
407,106
407,106
408,106
408,106
408,106
409,106
409,106
409,106
410,106
410,106
410,106
411,106
411,106
411,106
412,106
412,106
412,106
413,106
413,106
413,106
414,106
414,106
414,106
415,106
415,106
415,106
416,106
416,106
416,106
417,106
417,106
417,106
418,106
418,106
418,106
419,106
419,106
419,106
420,106
420,106
420,106
421,106
421,106
421,106
422,106
422,106
422,106
423,106
423,106
423,106
424,106
424,106
424,106
425,106
425,106
425,106
426,106
426,106
426,106
427,106
427,106
427,106
428,106
428,106
428,106
429,106
429,106
429,106
430,106
430,106
430,106
431,106
431,106
431,106
432,106
432,106
432,106
433,106
433,106
433,106
434,106
434,106
434,106
435,106
435,106
435,106
436,106
436,106
436,106
437,106
437,106
437,106
438,106
438,106
438,106
439,106
439,106
439,106
440,106
440,106
440,106
441,106
441,106
441,106
442,106
442,106
442,106
443,106
443,106
443,106
444,106
444,106
444,106
445,106
445,106
445,106
446,106
446,106
446,106
447,106
447,106
447,106
448,106
448,106
448,106
449,106
449,106
449,106
450,106
450,106
450,106
451,106
451,106
451,106
452,106
452,106
452,106
453,106
453,106
453,106
454,106
454,106
454,106
455,106
455,106
455,106
456,106
456,106
456,106
457,106
457,106
457,106
458,106
458,106
458,106
459,106
459,106
459,106
460,106
460,106
460,106
461,106
461,106
461,106
462,106
462,106
462,106
463,106
463,106
463,106
464,106
464,106
464,106
465,106
465,106
465,106
466,106
466,106
466,106
466,107
466,107
466,107
466,108
466,108
466,108
466,109
466,109
466,109
466,110
466,110
466,110
466,111
466,111
466,111
466,112
466,112
466,112
466,113
466,113
466,113
466,114
466,114
466,114
466,115
466,115
466,115
466,116
466,116
466,116
466,117
466,117
466,117
466,118
466,118
466,118
466,119
466,119
466,119
466,120
466,120
466,120
466,121
466,121
466,121
466,122
466,122
466,122
466,123
466,123
466,123
466,124
466,124
466,124
466,125
466,125
466,125
466,126
466,126
466,126
466,127
466,127
466,127
466,128
466,128
466,128
466,129
466,129
466,129
466,130
466,130
466,130
466,131
466,131
466,131
466,132
466,132
466,132
466,133
466,133
466,133
466,134
466,134
466,134
466,135
466,135
466,135
466,136
466,136
466,136
466,137
466,137
466,137
466,138
466,138
466,138
466,139
466,139
466,139
466,140
466,140
466,140
466,141
466,141
466,141
466,142
466,142
466,142
466,143
466,143
466,143
466,144
466,144
466,144
466,145
466,145
466,145
466,146
466,146
466,146
466,147
466,147
466,147
466,148
466,148
466,148
466,149
466,149
466,149
466,150
466,150
466,150
466,151
466,151
466,151
466,152
466,152
466,152
466,153
466,153
466,153
466,154
466,154
466,154
466,155
466,155
466,155
466,156
466,156
466,156
466,157
466,157
466,157
466,158
466,158
466,158
466,159
466,159
466,159
466,160
466,160
466,160
466,161
466,161
466,161
466,162
466,162
466,162
466,163
466,163
466,163
466,164
466,164
466,164
466,165
466,165
466,165
466,166
466,166
466,166
466,167
466,167
466,167
466,168
466,168
466,168
466,169
466,169
466,169
466,170
466,170
466,170
466,171
466,171
466,171
466,172
466,172
466,172
466,173
466,173
466,173
466,174
466,174
466,174
466,175
466,175
466,175
466,176
466,176
466,176
466,177
466,177
466,177
466,178
466,178
466,178
466,179
466,179
466,179
466,180
466,180
466,180
466,181
466,181
466,181
466,182
466,182
466,182
466,183
466,183
466,183
466,184
466,184
466,184
466,185
466,185
466,185
466,186
466,186
466,186
466,187
466,187
466,187
466,188
466,188
466,188
466,189
466,189
466,189
466,190
466,190
466,190
466,191
466,191
466,191
466,192
466,192
466,192
466,193
466,193
466,193
466,194
466,194
466,194
466,195
466,195
466,195
466,196
466,196
466,196
466,197
466,197
466,197
466,198
466,198
466,198
466,199
466,199
466,199
466,200
466,200
466,200
466,201
466,201
466,201
466,202
466,202
466,202
466,203
466,203
466,203
466,204
466,204
466,204
466,205
466,205
466,205
466,206
466,206
466,206
466,207
466,207
466,207
466,208
466,208
466,208
466,209
466,209
466,209
466,210
466,210
466,210
466,211
466,211
466,211
466,212
466,212
466,212
466,213
466,213
466,213
466,214
466,214
466,214
466,215
466,215
466,215
466,216
466,216
466,216
466,217
466,217
466,217
466,218
466,218
466,218
466,219
466,219
466,219
466,220
466,220
466,220
466,221
466,221
466,221
466,222
466,222
466,222
466,223
466,223
466,223
466,224
466,224
466,224
466,225
466,225
466,225
466,226
466,226
466,226
466,227
466,227
466,227
466,228
466,228
466,228
466,229
466,229
466,229
466,230
466,230
466,230
466,231
466,231
466,231
466,232
466,232
466,232
466,233
466,233
466,233
466,234
466,234
466,234
466,235
466,235
466,235
466,236
466,236
466,236
466,237
466,237
466,237
466,238
466,238
466,238
466,239
466,239
466,239
466,240
466,240
466,240
466,241
466,241
466,241
466,242
466,242
466,242
466,243
466,243
466,243
466,244
466,244
466,244
466,245
466,245
466,245
466,246
466,246
466,246
466,247
466,247
466,247
466,248
466,248
466,248
466,249
466,249
466,249
466,250
466,250
466,250
466,251
466,251
466,251
466,252
466,252
466,252
466,253
466,253
466,253
466,254
466,254
466,254
466,255
466,255
466,255
466,256
466,256
466,256
466,257
466,257
466,257
466,258
466,258
466,258
466,259
466,259
466,259
466,260
466,260
466,260
466,261
466,261
466,261
466,262
466,262
466,262
466,263
466,263
466,263
466,264
466,264
466,264
466,265
466,265
466,265
466,266
466,266
466,266
466,267
466,267
466,267
466,268
466,268
466,268
466,269
466,269
466,269
466,270
466,270
466,270
466,271
466,271
466,271
466,272
466,272
466,272
466,273
466,273
466,273
466,274
466,274
466,274
466,275
466,275
466,275
466,276
466,276
466,276
466,277
466,277
466,277
466,278
466,278
466,278
466,279
466,279
466,279
466,280
466,280
466,280
466,281
466,281
466,281
466,282
466,282
466,282
466,283
466,283
466,283
466,284
466,284
466,284
466,285
466,285
466,285
466,286
466,286
466,286
466,287
466,287
466,287
466,288
466,288
466,288
466,289
466,289
466,289
467,289
467,289
467,289
468,289
468,289
468,289
469,289
469,289
469,289
470,289
470,289
470,289
471,289
471,289
471,289
472,289
472,289
472,289
473,289
473,289
473,289
474,289
474,289
474,289
475,289
475,289
475,289
476,289
476,289
476,289
477,289
477,289
477,289
478,289
478,289
478,289
479,289
479,289
479,289
480,289
480,289
480,289
481,289
481,289
481,289
482,289
482,289
482,289
483,289
483,289
483,289
484,289
484,289
484,289
485,289
485,289
485,289
486,289
486,289
486,289
487,289
487,289
487,289
488,289
488,289
488,289
489,289
489,289
489,289
490,289
490,289
490,289
491,289
491,289
491,289
492,289
492,289
492,289
493,289
493,289
493,289
494,289
494,289
494,289
495,289
495,289
495,289
496,289
496,289
496,289
497,289
497,289
497,289
498,289
498,289
498,289
499,289
499,289
499,289
500,289
500,289
500,289
501,289
501,289
501,289
502,289
502,289
502,289
503,289
503,289
503,289
504,289
504,289
504,289
505,289
505,289
505,289
506,289
506,289
506,289
507,289
507,289
507,289
508,289
508,289
508,289
509,289
509,289
509,289
510,289
510,289
510,289
511,289
511,289
511,289
512,289
512,289
512,289
513,289
513,289
513,289
514,289
514,289
514,289
515,289
515,289
515,289
516,289
516,289
516,289
517,289
517,289
517,289
518,289
518,289
518,289
519,289
519,289
519,289
520,289
520,289
520,289
521,289
521,289
521,289
522,289
522,289
522,289
523,289
523,289
523,289
524,289
524,289
524,289
525,289
525,289
525,289
526,289
526,289
526,289
527,289
527,289
527,289
528,289
528,289
528,289
529,289
529,289
529,289
530,289
530,289
530,289
531,289
531,289
531,289
532,289
532,289
532,289
533,289
533,289
533,289
534,289
534,289
534,289
535,289
535,289
535,289
536,289
536,289
536,289
537,289
537,289
537,289
538,289
538,289
538,289
539,289
539,289
539,289
540,289
540,289
540,289
541,289
541,289
541,289
542,289
542,289
542,289
543,289
543,289
543,289
544,289
544,289
544,289
545,289
545,289
545,289
546,289
546,289
546,289
547,289
547,289
547,289
548,289
548,289
548,289
549,289
549,289
549,289
550,289
550,289
550,289
551,289
551,289
551,289
552,289
552,289
552,289
553,289
553,289
553,289
554,289
554,289
554,289
555,289
555,289
555,289
556,289
556,289
556,289
557,289
557,289
557,289
558,289
558,289
558,289
559,289
559,289
559,289
560,289
560,289
560,289
561,289
561,289
561,289
562,289
562,289
562,289
563,289
563,289
563,289
564,289
564,289
564,289
565,289
565,289
565,289
566,289
566,289
566,289
567,289
567,289
567,289
568,289
568,289
568,289
569,289
569,289
569,289
570,289
570,289
570,289
571,289
571,289
571,289
572,289
572,289
572,289
573,289
573,289
573,289
574,289
574,289
574,289
575,289
575,289
575,289
576,289
576,289
576,289
577,289
577,289
577,289
578,289
578,289
578,289
579,289
579,289
579,289
580,289
580,289
580,289
581,289
581,289
581,289
582,289
582,289
582,289
583,289
583,289
583,289
584,289
584,289
584,289
585,289
585,289
585,289
586,289
586,289
586,289
587,289
587,289
587,289
588,289
588,289
588,289
589,289
589,289
589,289
590,289
590,289
590,289
591,289
591,289
591,289
592,289
592,289
592,289
593,289
593,289
593,289
594,289
594,289
594,289
595,289
595,289
595,289
596,289
596,289
596,289
597,289
597,289
597,289
598,289
598,289
598,289
599,289
599,289
599,289
600,289
600,289
600,289
601,289
601,289
601,289
602,289
602,289
602,289
603,289
603,289
603,289
604,289
604,289
604,289
605,289
605,289
605,289
606,289
606,289
606,289
607,289
607,289
607,289
608,289
608,289
608,289
609,289
609,289
609,289
610,289
610,289
610,289
611,289
611,289
611,289
612,289
612,289
612,289
613,289
613,289
613,289
614,289
614,289
614,289
615,289
615,289
615,289
616,289
616,289
616,289
617,289
617,289
617,289
618,289
618,289
618,289
619,289
619,289
619,289
620,289
620,289
620,289
621,289
621,289
621,289
622,289
622,289
622,289
623,289
623,289
623,289
624,289
624,289
624,289
625,289
625,289
625,289
626,289
626,289
626,289
627,289
627,289
627,289
628,289
628,289
628,289
629,289
629,289
629,289
630,289
630,289
630,289
631,289
631,289
631,289
632,289
632,289
632,289
633,289
633,289
633,289
634,289
634,289
634,289
635,289
635,289
635,289
636,289
636,289
636,289
637,289
637,289
637,289
638,289
638,289
638,289
639,289
639,289
639,289
640,289
640,289
640,289
641,289
641,289
641,289
642,289
642,289
642,289
643,289
643,289
643,289
644,289
644,289
644,289
645,289
645,289
645,289
646,289
646,289
646,289
647,289
647,289
647,289
648,289
648,289
648,289
649,289
649,289
649,289
650,289
650,289
650,289
651,289
651,289
651,289
652,289
652,289
652,289
653,289
653,289
653,289
654,289
654,289
654,289
655,289
655,289
655,289
656,289
656,289
656,289
657,289
657,289
657,289
658,289
658,289
658,289
659,289
659,289
659,289
660,289
660,289
660,289
661,289
661,289
661,289
662,289
662,289
662,289
663,289
663,289
663,289
664,289
664,289
664,289
665,289
665,289
665,289
666,289
666,289
666,289
667,289
667,289
667,289
668,289
668,289
668,289
669,289
669,289
669,289
670,289
670,289
670,289
671,289
671,289
671,289
672,289
672,289
672,289
673,289
673,289
673,289
674,289
674,289
674,289
675,289
675,289
675,289
676,289
676,289
676,289
677,289
677,289
677,289
678,289
678,289
678,289
679,289
679,289
679,289
680,289
680,289
680,289
681,289
681,289
681,289
682,289
682,289
682,289
683,289
683,289
683,289
684,289
684,289
684,289
685,289
685,289
685,289
686,289
686,289
686,289
687,289
687,289
687,289
688,289
688,289
688,289
689,289
689,289
689,289
690,289
690,289
690,289
691,289
691,289
691,289
692,289
692,289
692,289
693,289
693,289
693,289
694,289
694,289
694,289
695,289
695,289
695,289
696,289
696,289
696,289
697,289
697,289
697,289
698,289
698,289
698,289
699,289
699,289
699,289
700,289
700,289
700,289
700,290
700,290
700,290
700,291
700,291
700,291
700,292
700,292
700,292
700,293
700,293
700,293
700,294
700,294
700,294
700,295
700,295
700,295
700,296
700,296
700,296
700,297
700,297
700,297
700,298
700,298
700,298
700,299
700,299
700,299
700,300
700,300
700,300
700,301
700,301
700,301
700,302
700,302
700,302
700,303
700,303
700,303
700,304
700,304
700,304
700,305
700,305
700,305
700,306
700,306
700,306
700,307
700,307
700,307
700,308
700,308
700,308
700,309
700,309
700,309
700,310
700,310
700,310
700,311
700,311
700,311
700,312
700,312
700,312
700,313
700,313
700,313
700,314
700,314
700,314
700,315
700,315
700,315
700,316
700,316
700,316
700,317
700,317
700,317
700,318
700,318
700,318
700,319
700,319
700,319
700,320
700,320
700,320
700,321
700,321
700,321
700,322
700,322
700,322
700,323
700,323
700,323
700,324
700,324
700,324
700,325
700,325
700,325
700,326
700,326
700,326
700,327
700,327
700,327
700,328
700,328
700,328
700,329
700,329
700,329
700,330
700,330
700,330
700,331
700,331
700,331
700,332
700,332
700,332
700,333
700,333
700,333
700,334
700,334
700,334
700,335
700,335
700,335
700,336
700,336
700,336
700,337
700,337
700,337
700,338
700,338
700,338
700,339
700,339
700,339
700,340
700,340
700,340
700,341
700,341
700,341
700,342
700,342
700,342
700,343
700,343
700,343
700,344
700,344
700,344
700,345
700,345
700,345
700,346
700,346
700,346
700,347
700,347
700,347
700,348
700,348
700,348
700,349
700,349
700,349
700,350
700,350
700,350
700,351
700,351
700,351
700,352
700,352
700,352
700,353
700,353
700,353
700,354
700,354
700,354
700,355
700,355
700,355
700,356
700,356
700,356
700,357
700,357
700,357
700,358
700,358
700,358
700,359
700,359
700,359
700,360
700,360
700,360
700,361
700,361
700,361
700,362
700,362
700,362
700,363
700,363
700,363
700,364
700,364
700,364
700,365
700,365
700,365
700,366
700,366
700,366
700,367
700,367
700,367
700,368
700,368
700,368
700,369
700,369
700,369
700,370
700,370
700,370
700,371
700,371
700,371
700,372
700,372
700,372
700,373
700,373
700,373
700,374
700,374
700,374
700,375
700,375
700,375
700,376
700,376
700,376
700,377
700,377
700,377
700,378
700,378
700,378
700,379
700,379
700,379
700,380
700,380
700,380
700,381
700,381
700,381
700,382
700,382
700,382
700,383
700,383
700,383
700,384
700,384
700,384
700,385
700,385
700,385
700,386
700,386
700,386
700,387
700,387
700,387
700,388
700,388
700,388
700,389
700,389
700,389
700,390
700,390
700,390
700,391
700,391
700,391
700,392
700,392
700,392
700,393
700,393
700,393
700,394
700,394
700,394
700,395
700,395
700,395
700,396
700,396
700,396
700,397
700,397
700,397
700,398
700,398
700,398
700,399
700,399
700,399
700,400
700,400
700,400
700,401
700,401
700,401
700,402
700,402
700,402
700,403
700,403
700,403
700,404
700,404
700,404
700,405
700,405
700,405
700,406
700,406
700,406
700,407
700,407
700,407
700,408
700,408
700,408
700,409
700,409
700,409
700,410
700,410
700,410
700,411
700,411
700,411
700,412
700,412
700,412
700,413
700,413
700,413
700,414
700,414
700,414
700,415
700,415
700,415
700,416
700,416
700,416
700,417
700,417
700,417
700,418
700,418
700,418
700,419
700,419
700,419
700,420
700,420
700,420
700,421
700,421
700,421
700,422
700,422
700,422
700,423
700,423
700,423
700,424
700,424
700,424
700,425
700,425
700,425
700,426
700,426
700,426
700,427
700,427
700,427
700,428
700,428
700,428
700,429
700,429
700,429
700,430
700,430
700,430
700,431
700,431
700,431
700,432
700,432
700,432
700,433
700,433
700,433
700,434
700,434
700,434
700,435
700,435
700,435
700,436
700,436
700,436
700,437
700,437
700,437
700,438
700,438
700,438
700,439
700,439
700,439
700,440
700,440
700,440
700,441
700,441
700,441
700,442
700,442
700,442
700,443
700,443
700,443
700,444
700,444
700,444
700,445
700,445
700,445
700,446
700,446
700,446
700,447
700,447
700,447
700,448
700,448
700,448
700,449
700,449
700,449
700,450
700,450
700,450
700,451
700,451
700,451
700,452
700,452
700,452
700,453
700,453
700,453
700,454
700,454
700,454
700,455
700,455
700,455
700,456
700,456
700,456
700,457
700,457
700,457
700,458
700,458
700,458
700,459
700,459
700,459
700,460
700,460
700,460
700,461
700,461
700,461
700,462
700,462
700,462
700,463
700,463
700,463
700,464
700,464
700,464
700,465
700,465
700,465
700,466
700,466
700,466
700,467
700,467
700,467
700,468
700,468
700,468
700,469
700,469
700,469
700,470
700,470
700,470
700,471
700,471
700,471
700,472
700,472
700,472
700,473
700,473
700,473
700,474
700,474
700,474
700,475
700,475
700,475
700,476
700,476
700,476
701,476
701,476
701,476
702,476
702,476
702,476
703,476
703,476
703,476
704,476
704,476
704,476
705,476
705,476
705,476
706,476
706,476
706,476
707,476
707,476
707,476
708,476
708,476
708,476
709,476
709,476
709,476
710,476
710,476
710,476
711,476
711,476
711,476
712,476
712,476
712,476
713,476
713,476
713,476
714,476
714,476
714,476
715,476
715,476
715,476
716,476
716,476
716,476
717,476
717,476
717,476
718,476
718,476
718,476
719,476
719,476
719,476
720,476
720,476
720,476
721,476
721,476
721,476
722,476
722,476
722,476
723,476
723,476
723,476
724,476
724,476
724,476
725,476
725,476
725,476
726,476
726,476
726,476
727,476
727,476
727,476
728,476
728,476
728,476
729,476
729,476
729,476
730,476
730,476
730,476
731,476
731,476
731,476
732,476
732,476
732,476
733,476
733,476
733,476
734,476
734,476
734,476
735,476
735,476
735,476
736,476
736,476
736,476
737,476
737,476
737,476
738,476
738,476
738,476
739,476
739,476
739,476
740,476
740,476
740,476
741,476
741,476
741,476
742,476
742,476
742,476
743,476
743,476
743,476
744,476
744,476
744,476
745,476
745,476
745,476
746,476
746,476
746,476
747,476
747,476
747,476
748,476
748,476
748,476
749,476
749,476
749,476
750,476
750,476
750,476
751,476
751,476
751,476
752,476
752,476
752,476
753,476
753,476
753,476
754,476
754,476
754,476
755,476
755,476
755,476
756,476
756,476
756,476
757,476
757,476
757,476
758,476
758,476
758,476
759,476
759,476
759,476
760,476
760,476
760,476
761,476
761,476
761,476
762,476
762,476
762,476
763,476
763,476
763,476
764,476
764,476
764,476
765,476
765,476
765,476
766,476
766,476
766,476
767,476
767,476
767,476
768,476
768,476
768,476
769,476
769,476
769,476
770,476
770,476
770,476
771,476
771,476
771,476
772,476
772,476
772,476
773,476
773,476
773,476
774,476
774,476
774,476
775,476
775,476
775,476
776,476
776,476
776,476
777,476
777,476
777,476
778,476
778,476
778,476
779,476
779,476
779,476
780,476
780,476
780,476
781,476
781,476
781,476
782,476
782,476
782,476
783,476
783,476
783,476
784,476
784,476
784,476
785,476
785,476
785,476
786,476
786,476
786,476
787,476
787,476
787,476
788,476
788,476
788,476
789,476
789,476
789,476
790,476
790,476
790,476
791,476
791,476
791,476
792,476
792,476
792,476
793,476
793,476
793,476
794,476
794,476
794,476
795,476
795,476
795,476
796,476
796,476
796,476
797,476
797,476
797,476
798,476
798,476
798,476
799,476
799,476
799,476
800,476
800,476
800,476
801,476
801,476
801,476
802,476
802,476
802,476
803,476
803,476
803,476
804,476
804,476
804,476
805,476
805,476
805,476
806,476
806,476
806,476
807,476
807,476
807,476
808,476
808,476
808,476
809,476
809,476
809,476
810,476
810,476
810,476
811,476
811,476
811,476
812,476
812,476
812,476
813,476
813,476
813,476
814,476
814,476
814,476
815,476
815,476
815,476
816,476
816,476
816,476
817,476
817,476
817,476
818,476
818,476
818,476
819,476
819,476
819,476
820,476
820,476
820,476
821,476
821,476
821,476
822,476
822,476
822,476
823,476
823,476
823,476
824,476
824,476
824,476
825,476
825,476
825,476
826,476
826,476
826,476
827,476
827,476
827,476
828,476
828,476
828,476
829,476
829,476
829,476
830,476
830,476
830,476
831,476
831,476
831,476
832,476
832,476
832,476
833,476
833,476
833,476
834,476
834,476
834,476
835,476
835,476
835,476
836,476
836,476
836,476
837,476
837,476
837,476
838,476
838,476
838,476
839,476
839,476
839,476
840,476
840,476
840,476
841,476
841,476
841,476
842,476
842,476
842,476
843,476
843,476
843,476
844,476
844,476
844,476
845,476
845,476
845,476
846,476
846,476
846,476
847,476
847,476
847,476
848,476
848,476
848,476
849,476
849,476
849,476
850,476
850,476
850,476
851,476
851,476
851,476
852,476
852,476
852,476
853,476
853,476
853,476
854,476
854,476
854,476
855,476
855,476
855,476
856,476
856,476
856,476
857,476
857,476
857,476
858,476
858,476
858,476
859,476
859,476
859,476
860,476
860,476
860,476
861,476
861,476
861,476
862,476
862,476
862,476
863,476
863,476
863,476
864,476
864,476
864,476
865,476
865,476
865,476
866,476
866,476
866,476
867,476
867,476
867,476
868,476
868,476
868,476
869,476
869,476
869,476
870,476
870,476
870,476
871,476
871,476
871,476
872,476
872,476
872,476
873,476
873,476
873,476
874,476
874,476
874,476
875,476
875,476
875,476
876,476
876,476
876,476
877,476
877,476
877,476
878,476
878,476
878,476
879,476
879,476
879,476
880,476
880,476
880,476
881,476
881,476
881,476
882,476
882,476
882,476
883,476
883,476
883,476
884,476
884,476
884,476
885,476
885,476
885,476
886,476
886,476
886,476
887,476
887,476
887,476
888,476
888,476
888,476
889,476
889,476
889,476
890,476
890,476
890,476
891,476
891,476
891,476
892,476
892,476
892,476
893,476
893,476
893,476
894,476
894,476
894,476
895,476
895,476
895,476
896,476
896,476
896,476
897,476
897,476
897,476
898,476
898,476
898,476
899,476
899,476
899,476
900,476
900,476
900,476
901,476
901,476
901,476
902,476
902,476
902,476
903,476
903,476
903,476
904,476
904,476
904,476
905,476
905,476
905,476
906,476
906,476
906,476
907,476
907,476
907,476
908,476
908,476
908,476
909,476
909,476
909,476
910,476
910,476
910,476
911,476
911,476
911,476
912,476
912,476
912,476
913,476
913,476
913,476
914,476
914,476
914,476
915,476
915,476
915,476
916,476
916,476
916,476
917,476
917,476
917,476
918,476
918,476
918,476
919,476
919,476
919,476
920,476
920,476
920,476
921,476
921,476
921,476
922,476
922,476
922,476
923,476
923,476
923,476
924,476
924,476
924,476
925,476
925,476
925,476
926,476
926,476
926,476
927,476
927,476
927,476
928,476
928,476
928,476
929,476
929,476
929,476
930,476
930,476
930,476
931,476
931,476
931,476
932,476
932,476
932,476
933,476
933,476
933,476
934,476
934,476
934,476
935,476
935,476
935,476
936,476
936,476
936,476
937,476
937,476
937,476
938,476
938,476
938,476
939,476
939,476
939,476
940,476
940,476
940,476
941,476
941,476
941,476
942,476
942,476
942,476
943,476
943,476
943,476
944,476
944,476
944,476
945,476
945,476
945,476
946,476
946,476
946,476
947,476
947,476
947,476
948,476
948,476
948,476
949,476
949,476
949,476
950,476
950,476
950,476
951,476
951,476
951,476
952,476
952,476
952,476
953,476
953,476
953,476
954,476
954,476
954,476
955,476
955,476
955,476
956,476
956,476
956,476
957,476
957,476
957,476
958,476
958,476
958,476
959,476
959,476
959,476
960,476
960,476
960,476
961,476
961,476
961,476
962,476
962,476
962,476
963,476
963,476
963,476
964,476
964,476
964,476
965,476
965,476
965,476
966,476
966,476
966,476
967,476
967,476
967,476
968,476
968,476
968,476
969,476
969,476
969,476
969,475
969,475
969,475
969,474
969,474
969,474
969,473
969,473
969,473
969,472
969,472
969,472
969,471
969,471
969,471
969,470
969,470
969,470
969,469
969,469
969,469
969,468
969,468
969,468
969,467
969,467
969,467
969,466
969,466
969,466
969,465
969,465
969,465
969,464
969,464
969,464
969,463
969,463
969,463
969,462
969,462
969,462
969,461
969,461
969,461
969,460
969,460
969,460
969,459
969,459
969,459
969,458
969,458
969,458
969,457
969,457
969,457
969,456
969,456
969,456
969,455
969,455
969,455
969,454
969,454
969,454
969,453
969,453
969,453
969,452
969,452
969,452
969,451
969,451
969,451
969,450
969,450
969,450
969,449
969,449
969,449
969,448
969,448
969,448
969,447
969,447
969,447
969,446
969,446
969,446
969,445
969,445
969,445
969,444
969,444
969,444
969,443
969,443
969,443
969,442
969,442
969,442
969,441
969,441
969,441
969,440
969,440
969,440
969,439
969,439
969,439
969,438
969,438
969,438
969,437
969,437
969,437
969,436
969,436
969,436
969,435
969,435
969,435
969,434
969,434
969,434
969,433
969,433
969,433
969,432
969,432
969,432
969,431
969,431
969,431
969,430
969,430
969,430
969,429
969,429
969,429
969,428
969,428
969,428
969,427
969,427
969,427
969,426
969,426
969,426
969,425
969,425
969,425
969,424
969,424
969,424
969,423
969,423
969,423
969,422
969,422
969,422
969,421
969,421
969,421
969,420
969,420
969,420
969,419
969,419
969,419
969,418
969,418
969,418
969,417
969,417
969,417
969,416
969,416
969,416
969,415
969,415
969,415
969,414
969,414
969,414
969,413
969,413
969,413
969,412
969,412
969,412
969,411
969,411
969,411
969,410
969,410
969,410
969,409
969,409
969,409
969,408
969,408
969,408
969,407
969,407
969,407
969,406
969,406
969,406
969,405
969,405
969,405
969,404
969,404
969,404
969,403
969,403
969,403
969,402
969,402
969,402
969,401
969,401
969,401
969,400
969,400
969,400
969,399
969,399
969,399
969,398
969,398
969,398
969,397
969,397
969,397
969,396
969,396
969,396
969,395
969,395
969,395
969,394
969,394
969,394
969,393
969,393
969,393
969,392
969,392
969,392
969,391
969,391
969,391
969,390
969,390
969,390
969,389
969,389
969,389
969,388
969,388
969,388
969,387
969,387
969,387
969,386
969,386
969,386
969,385
969,385
969,385
969,384
969,384
969,384
969,383
969,383
969,383
969,382
969,382
969,382
969,381
969,381
969,381
969,380
969,380
969,380
969,379
969,379
969,379
969,378
969,378
969,378
969,377
969,377
969,377
969,376
969,376
969,376
969,375
969,375
969,375
969,374
969,374
969,374
969,373
969,373
969,373
969,372
969,372
969,372
969,371
969,371
969,371
969,370
969,370
969,370
969,369
969,369
969,369
969,368
969,368
969,368
969,367
969,367
969,367
969,366
969,366
969,366
969,365
969,365
969,365
969,364
969,364
969,364
969,363
969,363
969,363
969,362
969,362
969,362
969,361
969,361
969,361
969,360
969,360
969,360
969,359
969,359
969,359
969,358
969,358
969,358
969,357
969,357
969,357
969,356
969,356
969,356
969,355
969,355
969,355
969,354
969,354
969,354
969,353
969,353
969,353
969,352
969,352
969,352
969,351
969,351
969,351
969,350
969,350
969,350
969,349
969,349
969,349
969,348
969,348
969,348
969,347
969,347
969,347
969,346
969,346
969,346
969,345
969,345
969,345
969,344
969,344
969,344
969,343
969,343
969,343
969,342
969,342
969,342
969,341
969,341
969,341
969,340
969,340
969,340
969,339
969,339
969,339
969,338
969,338
969,338
969,337
969,337
969,337
969,336
969,336
969,336
969,335
969,335
969,335
969,334
969,334
969,334
969,333
969,333
969,333
969,332
969,332
969,332
969,331
969,331
969,331
969,330
969,330
969,330
969,329
969,329
969,329
969,328
969,328
969,328
969,327
969,327
969,327
969,326
969,326
969,326
969,325
969,325
969,325
969,324
969,324
969,324
969,323
969,323
969,323
969,322
969,322
969,322
969,321
969,321
969,321
969,320
969,320
969,320
969,319
969,319
969,319
969,318
969,318
969,318
969,317
969,317
969,317
969,316
969,316
969,316
969,315
969,315
969,315
969,314
969,314
969,314
969,313
969,313
969,313
969,312
969,312
969,312
969,311
969,311
969,311
969,310
969,310
969,310
969,309
969,309
969,309
969,308
969,308
969,308
969,307
969,307
969,307
969,306
969,306
969,306
969,305
969,305
969,305
969,304
969,304
969,304
969,303
969,303
969,303
969,302
969,302
969,302
969,301
969,301
969,301
969,300
969,300
969,300
969,299
969,299
969,299
969,298
969,298
969,298
969,297
969,297
969,297
969,296
969,296
969,296
969,295
969,295
969,295
969,294
969,294
969,294
969,293
969,293
969,293
969,292
969,292
969,292
969,291
969,291
969,291
969,290
969,290
969,290
969,289
969,289
969,289
969,288
969,288
969,288
969,287
969,287
969,287
969,286
969,286
969,286
969,285
969,285
969,285
969,284
969,284
969,284
969,283
969,283
969,283
969,282
969,282
969,282
969,281
969,281
969,281
969,280
969,280
969,280
969,279
969,279
969,279
969,278
969,278
969,278
969,277
969,277
969,277
969,276
969,276
969,276
969,275
969,275
969,275
969,274
969,274
969,274
969,273
969,273
969,273
969,272
969,272
969,272
969,271
969,271
969,271
969,270
969,270
969,270
969,269
969,269
969,269
969,268
969,268
969,268
969,267
969,267
969,267
969,266
969,266
969,266
969,265
969,265
969,265
969,264
969,264
969,264
969,263
969,263
969,263
969,262
969,262
969,262
969,261
969,261
969,261
969,260
969,260
969,260
969,259
969,259
969,259
969,258
969,258
969,258
969,257
969,257
969,257
969,256
969,256
969,256
969,255
969,255
969,255
969,254
969,254
969,254
969,253
969,253
969,253
969,252
969,252
969,252
969,251
969,251
969,251
969,250
969,250
969,250
969,249
969,249
969,249
969,248
969,248
969,248
969,247
969,247
969,247
969,246
969,246
969,246
969,245
969,245
969,245
969,244
969,244
969,244
969,243
969,243
969,243
969,242
969,242
969,242
969,241
969,241
969,241
969,240
969,240
969,240
969,239
969,239
969,239
969,238
969,238
969,238
969,237
969,237
969,237
969,236
969,236
969,236
969,235
969,235
969,235
969,234
969,234
969,234
969,233
969,233
969,233
969,232
969,232
969,232
969,231
969,231
969,231
969,230
969,230
969,230
969,229
969,229
969,229
969,228
969,228
969,228
969,227
969,227
969,227
969,226
969,226
969,226
969,225
969,225
969,225
969,224
969,224
969,224
969,223
969,223
969,223
969,222
969,222
969,222
969,221
969,221
969,221
969,220
969,220
969,220
969,219
969,219
969,219
969,218
969,218
969,218
969,217
969,217
969,217
969,216
969,216
969,216
969,215
969,215
969,215
969,214
969,214
969,214
969,213
969,213
969,213
969,212
969,212
969,212
969,211
969,211
969,211
969,210
969,210
969,210
969,209
969,209
969,209
969,208
969,208
969,208
969,207
969,207
969,207
969,206
969,206
969,206
969,205
969,205
969,205
969,204
969,204
969,204
969,203
969,203
969,203
969,202
969,202
969,202
969,201
969,201
969,201
969,200
969,200
969,200
969,199
969,199
969,199
969,198
969,198
969,198
969,197
969,197
969,197
969,196
969,196
969,196
969,195
969,195
969,195
969,194
969,194
969,194
969,193
969,193
969,193
969,192
969,192
969,192
969,191
969,191
969,191
969,190
969,190
969,190
969,189
969,189
969,189
969,188
969,188
969,188
969,187
969,187
969,187
969,186
969,186
969,186
969,185
969,185
969,185
969,184
969,184
969,184
969,183
969,183
969,183
969,182
969,182
969,182
969,181
969,181
969,181
969,180
969,180
969,180
969,179
969,179
969,179
969,178
969,178
969,178
969,177
969,177
969,177
969,176
969,176
969,176
969,175
969,175
969,175
969,174
969,174
969,174
969,173
969,173
969,173
969,172
969,172
969,172
969,171
969,171
969,171
969,170
969,170
969,170
969,169
969,169
969,169
969,168
969,168
969,168
969,167
969,167
969,167
969,166
969,166
969,166
969,165
969,165
969,165
969,164
969,164
969,164
969,163
969,163
969,163
969,162
969,162
969,162
969,161
969,161
969,161
969,160
969,160
969,160
969,159
969,159
969,159
969,158
969,158
969,158
969,157
969,157
969,157
969,156
969,156
969,156
969,155
969,155
969,155
969,154
969,154
969,154
969,153
969,153
969,153
969,152
969,152
969,152
969,151
969,151
969,151
969,150
969,150
969,150
969,149
969,149
969,149
969,148
969,148
969,148
969,147
969,147
969,147
969,146
969,146
969,146
969,145
969,145
969,145
969,144
969,144
969,144
969,143
969,143
969,143
969,142
969,142
969,142
969,141
969,141
969,141
969,140
969,140
969,140
969,139
969,139
969,139
969,138
969,138
969,138
969,137
969,137
969,137
969,136
969,136
969,136
969,135
969,135
969,135
969,134
969,134
969,134
969,133
969,133
969,133
969,132
969,132
969,132
969,131
969,131
969,131
969,130
969,130
969,130
969,129
969,129
969,129
969,128
969,128
969,128
969,127
969,127
969,127
969,126
969,126
969,126
969,125
969,125
969,125
969,124
969,124
969,124
969,123
969,123
969,123
969,122
969,122
969,122
969,121
969,121
969,121
969,120
969,120
969,120
969,119
969,119
969,119
969,118
969,118
969,118
969,117
969,117
969,117
969,116
969,116
969,116
969,115
969,115
969,115
969,114
969,114
969,114
969,113
969,113
969,113
969,112
969,112
969,112
969,111
969,111
969,111
969,110
969,110
969,110
969,109
969,109
969,109
969,108
969,108
969,108
969,107
969,107
969,107
969,106
969,106
969,106
969,105
969,105
969,105
969,104
969,104
969,104
969,103
969,103
969,103
969,102
969,102
969,102
969,101
969,101
969,101
969,100
969,100
969,100
969,99
969,99
969,99
969,98
969,98
969,98
969,97
969,97
969,97
969,96
969,96
969,96
969,95
969,95
969,95
969,94
969,94
969,94
969,93
969,93
969,93
969,92
969,92
969,92
969,91
969,91
969,91
969,90
969,90
969,90
969,89
969,89
969,89
969,88
969,88
969,88
969,87
969,87
969,87
969,86
969,86
969,86
969,85
969,85
969,85
969,84
969,84
969,84
969,83
969,83
969,83
969,82
969,82
969,82
969,81
969,81
969,81
969,80
969,80
969,80
969,79
969,79
969,79
969,78
969,78
969,78
969,77
969,77
969,77
969,76
969,76
969,76
969,75
969,75
969,75
969,74
969,74
969,74
969,73
969,73
969,73
969,72
969,72
969,72
969,71
969,71
969,71
969,70
969,70
969,70
969,69
969,69
969,69
969,68
969,68
969,68
969,67
969,67
969,67
969,66
969,66
969,66
969,65
969,65
969,65
969,64
969,64
969,64
969,63
969,63
969,63
969,62
969,62
969,62
969,61
969,61
969,61
969,60
969,60
969,60
969,59
969,59
969,59
969,58
969,58
969,58
969,57
969,57
969,57
968,57
968,57
968,57
967,57
967,57
967,57
966,57
966,57
966,57
965,57
965,57
965,57
964,57
964,57
964,57
963,57
963,57
963,57
962,57
962,57
962,57
961,57
961,57
961,57
960,57
960,57
960,57
959,57
959,57
959,57
958,57
958,57
958,57
957,57
957,57
957,57
956,57
956,57
956,57
955,57
955,57
955,57
954,57
954,57
954,57
953,57
953,57
953,57
952,57
952,57
952,57
951,57
951,57
951,57
950,57
950,57
950,57
949,57
949,57
949,57
948,57
948,57
948,57
947,57
947,57
947,57
946,57
946,57
946,57
945,57
945,57
945,57
944,57
944,57
944,57
943,57
943,57
943,57
942,57
942,57
942,57
941,57
941,57
941,57
940,57
940,57
940,57
939,57
939,57
939,57
938,57
938,57
938,57
937,57
937,57
937,57
936,57
936,57
936,57
935,57
935,57
935,57
934,57
934,57
934,57
933,57
933,57
933,57
932,57
932,57
932,57
931,57
931,57
931,57
930,57
930,57
930,57
929,57
929,57
929,57
928,57
928,57
928,57
927,57
927,57
927,57
926,57
926,57
926,57
925,57
925,57
925,57
924,57
924,57
924,57
923,57
923,57
923,57
922,57
922,57
922,57
921,57
921,57
921,57
920,57
920,57
920,57
919,57
919,57
919,57
918,57
918,57
918,57
917,57
917,57
917,57
916,57
916,57
916,57
915,57
915,57
915,57
914,57
914,57
914,57
913,57
913,57
913,57
912,57
912,57
912,57
911,57
911,57
911,57
910,57
910,57
910,57
909,57
909,57
909,57
908,57
908,57
908,57
907,57
907,57
907,57
906,57
906,57
906,57
905,57
905,57
905,57
904,57
904,57
904,57
903,57
903,57
903,57
902,57
902,57
902,57
901,57
901,57
901,57
900,57
900,57
900,57
899,57
899,57
899,57
898,57
898,57
898,57
897,57
897,57
897,57
896,57
896,57
896,57
895,57
895,57
895,57
894,57
894,57
894,57
893,57
893,57
893,57
892,57
892,57
892,57
891,57
891,57
891,57
890,57
890,57
890,57
889,57
889,57
889,57
888,57
888,57
888,57
887,57
887,57
887,57
886,57
886,57
886,57
885,57
885,57
885,57
884,57
884,57
884,57
883,57
883,57
883,57
882,57
882,57
882,57
881,57
881,57
881,57
880,57
880,57
880,57
879,57
879,57
879,57
878,57
878,57
878,57
877,57
877,57
877,57
876,57
876,57
876,57
875,57
875,57
875,57
874,57
874,57
874,57
873,57
873,57
873,57
872,57
872,57
872,57
871,57
871,57
871,57
870,57
870,57
870,57
869,57
869,57
869,57
868,57
868,57
868,57
867,57
867,57
867,57
866,57
866,57
866,57
865,57
865,57
865,57
864,57
864,57
864,57
863,57
863,57
863,57
862,57
862,57
862,57
861,57
861,57
861,57
860,57
860,57
860,57
859,57
859,57
859,57
858,57
858,57
858,57
857,57
857,57
857,57
856,57
856,57
856,57
855,57
855,57
855,57
854,57
854,57
854,57
853,57
853,57
853,57
852,57
852,57
852,57
851,57
851,57
851,57
850,57
850,57
850,57
849,57
849,57
849,57
848,57
848,57
848,57
847,57
847,57
847,57
846,57
846,57
846,57
845,57
845,57
845,57
844,57
844,57
844,57
843,57
843,57
843,57
842,57
842,57
842,57
841,57
841,57
841,57
840,57
840,57
840,57
839,57
839,57
839,57
838,57
838,57
838,57
837,57
837,57
837,57
836,57
836,57
836,57
835,57
835,57
835,57
834,57
834,57
834,57
833,57
833,57
833,57
832,57
832,57
832,57
831,57
831,57
831,57
830,57
830,57
830,57
829,57
829,57
829,57
828,57
828,57
828,57
827,57
827,57
827,57
826,57
826,57
826,57
825,57
825,57
825,57
824,57
824,57
824,57
823,57
823,57
823,57
822,57
822,57
822,57
821,57
821,57
821,57
820,57
820,57
820,57
819,57
819,57
819,57
818,57
818,57
818,57
817,57
817,57
817,57
816,57
816,57
816,57
815,57
815,57
815,57
814,57
814,57
814,57
813,57
813,57
813,57
812,57
812,57
812,57
811,57
811,57
811,57
810,57
810,57
810,57
809,57
809,57
809,57
808,57
808,57
808,57
807,57
807,57
807,57
806,57
806,57
806,57
805,57
805,57
805,57
804,57
804,57
804,57
803,57
803,57
803,57
802,57
802,57
802,57
801,57
801,57
801,57
800,57
800,57
800,57
799,57
799,57
799,57
798,57
798,57
798,57
797,57
797,57
797,57
796,57
796,57
796,57
795,57
795,57
795,57
794,57
794,57
794,57
793,57
793,57
793,57
792,57
792,57
792,57
791,57
791,57
791,57
790,57
790,57
790,57
789,57
789,57
789,57
788,57
788,57
788,57
787,57
787,57
787,57
786,57
786,57
786,57
785,57
785,57
785,57
784,57
784,57
784,57
783,57
783,57
783,57
782,57
782,57
782,57
781,57
781,57
781,57
780,57
780,57
780,57
779,57
779,57
779,57
778,57
778,57
778,57
777,57
777,57
777,57
776,57
776,57
776,57
775,57
775,57
775,57
774,57
774,57
774,57
773,57
773,57
773,57
772,57
772,57
772,57
771,57
771,57
771,57
770,57
770,57
770,57
769,57
769,57
769,57
768,57
768,57
768,57
767,57
767,57
767,57
766,57
766,57
766,57
765,57
765,57
765,57
764,57
764,57
764,57
763,57
763,57
763,57
762,57
762,57
762,57
761,57
761,57
761,57
760,57
760,57
760,57
759,57
759,57
759,57
758,57
758,57
758,57
757,57
757,57
757,57
756,57
756,57
756,57
755,57
755,57
755,57
754,57
754,57
754,57
753,57
753,57
753,57
752,57
752,57
752,57
751,57
751,57
751,57
750,57
750,57
750,57
749,57
749,57
749,57
748,57
748,57
748,57
747,57
747,57
747,57
746,57
746,57
746,57
745,57
745,57
745,57
744,57
744,57
744,57
743,57
743,57
743,57
742,57
742,57
742,57
741,57
741,57
741,57
740,57
740,57
740,57
739,57
739,57
739,57
738,57
738,57
738,57
737,57
737,57
737,57
736,57
736,57
736,57
735,57
735,57
735,57
734,57
734,57
734,57
733,57
733,57
733,57
732,57
732,57
732,57
731,57
731,57
731,57
730,57
730,57
730,57
729,57
729,57
729,57
728,57
728,57
728,57
727,57
727,57
727,57
726,57
726,57
726,57
725,57
725,57
725,57
724,57
724,57
724,57
723,57
723,57
723,57
722,57
722,57
722,57
721,57
721,57
721,57
720,57
720,57
720,57
719,57
719,57
719,57
718,57
718,57
718,57
717,57
717,57
717,57
716,57
716,57
716,57
715,57
715,57
715,57
714,57
714,57
714,57
713,57
713,57
713,57
712,57
712,57
712,57
711,57
711,57
711,57
710,57
710,57
710,57
709,57
709,57
709,57
708,57
708,57
708,57
707,57
707,57
707,57
706,57
706,57
706,57
705,57
705,57
705,57
704,57
704,57
704,57
703,57
703,57
703,57
702,57
702,57
702,57
702,58
702,58
702,58
702,59
702,59
702,59
702,60
702,60
702,60
702,61
702,61
702,61
702,62
702,62
702,62
702,63
702,63
702,63
702,64
702,64
702,64
702,65
702,65
702,65
702,66
702,66
702,66
702,67
702,67
702,67
702,68
702,68
702,68
702,69
702,69
702,69
702,70
702,70
702,70
702,71
702,71
702,71
702,72
702,72
702,72
702,73
702,73
702,73
702,74
702,74
702,74
702,75
702,75
702,75
702,76
702,76
702,76
702,77
702,77
702,77
702,78
702,78
702,78
702,79
702,79
702,79
702,80
702,80
702,80
702,81
702,81
702,81
702,82
702,82
702,82
702,83
702,83
702,83
702,84
702,84
702,84
702,85
702,85
702,85
702,86
702,86
702,86
702,87
702,87
702,87
702,88
702,88
702,88
702,89
702,89
702,89
702,90
702,90
702,90
702,91
702,91
702,91
702,92
702,92
702,92
702,93
702,93
702,93
702,94
702,94
702,94
702,95
702,95
702,95
702,96
702,96
702,96
702,97
702,97
702,97
702,98
702,98
702,98
702,99
702,99
702,99
702,100
702,100
702,100
702,101
702,101
702,101
702,102
702,102
702,102
702,103
702,103
702,103
702,104
702,104
702,104
702,105
702,105
702,105
702,106
702,106
702,106
702,107
702,107
702,107
702,108
702,108
702,108
702,109
702,109
702,109
702,110
702,110
702,110
702,111
702,111
702,111
702,112
702,112
702,112
702,113
702,113
702,113
702,114
702,114
702,114
702,115
702,115
702,115
702,116
702,116
702,116
702,117
702,117
702,117
702,118
702,118
702,118
702,119
702,119
702,119
702,120
702,120
702,120
702,121
702,121
702,121
702,122
702,122
702,122
702,123
702,123
702,123
702,124
702,124
702,124
702,125
702,125
702,125
702,126
702,126
702,126
702,127
702,127
702,127
702,128
702,128
702,128
702,129
702,129
702,129
702,130
702,130
702,130
702,131
702,131
702,131
702,132
702,132
702,132
702,133
702,133
702,133
702,134
702,134
702,134
702,135
702,135
702,135
702,136
702,136
702,136
702,137
702,137
702,137
702,138
702,138
702,138
702,139
702,139
702,139
702,140
702,140
702,140
702,141
702,141
702,141
702,142
702,142
702,142
702,143
702,143
702,143
702,144
702,144
702,144
702,145
702,145
702,145
702,146
702,146
702,146
702,147
702,147
702,147
702,148
702,148
702,148
702,149
702,149
702,149
702,150
702,150
702,150
702,151
702,151
702,151
702,152
702,152
702,152
702,153
702,153
702,153
702,154
702,154
702,154
702,155
702,155
702,155
702,156
702,156
702,156
702,157
702,157
702,157
702,158
702,158
702,158
702,159
702,159
702,159
702,160
702,160
702,160
702,161
702,161
702,161
702,162
702,162
702,162
702,163
702,163
702,163
702,164
702,164
702,164
702,165
702,165
702,165
702,166
702,166
702,166
702,167
702,167
702,167
702,168
702,168
702,168
702,169
702,169
702,169
702,170
702,170
702,170
702,171
702,171
702,171
702,172
702,172
702,172
702,173
702,173
702,173
702,174
702,174
702,174
702,175
702,175
702,175
702,176
702,176
702,176
702,177
702,177
702,177
702,178
702,178
702,178
702,179
702,179
702,179
702,180
702,180
702,180
702,181
702,181
702,181
702,182
702,182
702,182
702,183
702,183
702,183
702,184
702,184
702,184
702,185
702,185
702,185
702,186
702,186
702,186
702,187
702,187
702,187
702,188
702,188
702,188
702,189
702,189
702,189
702,190
702,190
702,190
702,191
702,191
702,191
702,192
702,192
702,192
702,193
702,193
702,193
702,194
702,194
702,194
702,195
702,195
702,195
702,196
702,196
702,196
702,197
702,197
702,197
702,198
702,198
702,198
702,199
702,199
702,199
702,200
702,200
702,200
702,201
702,201
702,201
702,202
702,202
702,202
702,203
702,203
702,203
702,204
702,204
702,204
702,205
702,205
702,205
702,206
702,206
702,206
702,207
702,207
702,207
702,208
702,208
702,208
702,209
702,209
702,209
702,210
702,210
702,210
702,211
702,211
702,211
702,212
702,212
702,212
702,213
702,213
702,213
702,214
702,214
702,214
702,215
702,215
702,215
702,216
702,216
702,216
702,217
702,217
702,217
702,218
702,218
702,218
702,219
702,219
702,219
702,220
702,220
702,220
702,221
702,221
702,221
