6732
-50,497
-50,497
-50,497
-49,497
-49,497
-49,497
-48,497
-48,497
-48,497
-47,497
-47,497
-47,497
-46,497
-46,497
-46,497
-45,497
-45,497
-45,497
-44,497
-44,497
-44,497
-43,497
-43,497
-43,497
-42,497
-42,497
-42,497
-41,497
-41,497
-41,497
-40,497
-40,497
-40,497
-39,497
-39,497
-39,497
-38,497
-38,497
-38,497
-37,497
-37,497
-37,497
-36,497
-36,497
-36,497
-35,497
-35,497
-35,497
-34,497
-34,497
-34,497
-33,497
-33,497
-33,497
-32,497
-32,497
-32,497
-31,497
-31,497
-31,497
-30,497
-30,497
-30,497
-29,497
-29,497
-29,497
-28,497
-28,497
-28,497
-27,497
-27,497
-27,497
-26,497
-26,497
-26,497
-25,497
-25,497
-25,497
-24,497
-24,497
-24,497
-23,497
-23,497
-23,497
-22,497
-22,497
-22,497
-21,497
-21,497
-21,497
-20,497
-20,497
-20,497
-19,497
-19,497
-19,497
-18,497
-18,497
-18,497
-17,497
-17,497
-17,497
-16,497
-16,497
-16,497
-15,497
-15,497
-15,497
-14,497
-14,497
-14,497
-13,497
-13,497
-13,497
-12,497
-12,497
-12,497
-11,497
-11,497
-11,497
-10,497
-10,497
-10,497
-9,497
-9,497
-9,497
-8,497
-8,497
-8,497
-7,497
-7,497
-7,497
-6,497
-6,497
-6,497
-5,497
-5,497
-5,497
-4,497
-4,497
-4,497
-3,497
-3,497
-3,497
-2,497
-2,497
-2,497
-1,497
-1,497
-1,497
0,497
0,497
0,497
1,497
1,497
1,497
2,497
2,497
2,497
3,497
3,497
3,497
4,497
4,497
4,497
5,497
5,497
5,497
6,497
6,497
6,497
7,497
7,497
7,497
8,497
8,497
8,497
9,497
9,497
9,497
10,497
10,497
10,497
11,497
11,497
11,497
12,497
12,497
12,497
13,497
13,497
13,497
14,497
14,497
14,497
15,497
15,497
15,497
16,497
16,497
16,497
17,497
17,497
17,497
18,497
18,497
18,497
19,497
19,497
19,497
20,497
20,497
20,497
21,497
21,497
21,497
22,497
22,497
22,497
23,497
23,497
23,497
24,497
24,497
24,497
25,497
25,497
25,497
26,497
26,497
26,497
27,497
27,497
27,497
28,497
28,497
28,497
29,497
29,497
29,497
30,497
30,497
30,497
31,497
31,497
31,497
32,497
32,497
32,497
33,497
33,497
33,497
34,497
34,497
34,497
35,497
35,497
35,497
36,497
36,497
36,497
37,497
37,497
37,497
38,497
38,497
38,497
39,497
39,497
39,497
40,497
40,497
40,497
41,497
41,497
41,497
42,497
42,497
42,497
43,497
43,497
43,497
44,497
44,497
44,497
45,497
45,497
45,497
46,497
46,497
46,497
47,497
47,497
47,497
48,497
48,497
48,497
49,497
49,497
49,497
50,497
50,497
50,497
51,497
51,497
51,497
52,497
52,497
52,497
53,497
53,497
53,497
54,497
54,497
54,497
55,497
55,497
55,497
56,497
56,497
56,497
57,497
57,497
57,497
58,497
58,497
58,497
59,497
59,497
59,497
60,497
60,497
60,497
61,497
61,497
61,497
62,497
62,497
62,497
63,497
63,497
63,497
64,497
64,497
64,497
65,497
65,497
65,497
66,497
66,497
66,497
67,497
67,497
67,497
68,497
68,497
68,497
69,497
69,497
69,497
70,497
70,497
70,497
71,497
71,497
71,497
72,497
72,497
72,497
73,497
73,497
73,497
74,497
74,497
74,497
75,497
75,497
75,497
76,497
76,497
76,497
77,497
77,497
77,497
78,497
78,497
78,497
79,497
79,497
79,497
80,497
80,497
80,497
81,497
81,497
81,497
82,497
82,497
82,497
83,497
83,497
83,497
84,497
84,497
84,497
85,497
85,497
85,497
86,497
86,497
86,497
87,497
87,497
87,497
88,497
88,497
88,497
89,497
89,497
89,497
90,497
90,497
90,497
91,497
91,497
91,497
92,497
92,497
92,497
93,497
93,497
93,497
94,497
94,497
94,497
95,497
95,497
95,497
96,497
96,497
96,497
97,497
97,497
97,497
98,497
98,497
98,497
99,497
99,497
99,497
100,497
100,497
100,497
101,497
101,497
101,497
102,497
102,497
102,497
103,497
103,497
103,497
104,497
104,497
104,497
105,497
105,497
105,497
106,497
106,497
106,497
107,497
107,497
107,497
108,497
108,497
108,497
109,497
109,497
109,497
110,497
110,497
110,497
111,497
111,497
111,497
112,497
112,497
112,497
113,497
113,497
113,497
114,497
114,497
114,497
115,497
115,497
115,497
116,497
116,497
116,497
117,497
117,497
117,497
118,497
118,497
118,497
119,497
119,497
119,497
120,497
120,497
120,497
121,497
121,497
121,497
122,497
122,497
122,497
123,497
123,497
123,497
124,497
124,497
124,497
125,497
125,497
125,497
126,497
126,497
126,497
127,497
127,497
127,497
128,497
128,497
128,497
129,497
129,497
129,497
130,497
130,497
130,497
131,497
131,497
131,497
132,497
132,497
132,497
133,497
133,497
133,497
134,497
134,497
134,497
135,497
135,497
135,497
136,497
136,497
136,497
137,497
137,497
137,497
138,497
138,497
138,497
139,497
139,497
139,497
140,497
140,497
140,497
141,497
141,497
141,497
142,497
142,497
142,497
143,497
143,497
143,497
144,497
144,497
144,497
145,497
145,497
145,497
146,497
146,497
146,497
147,497
147,497
147,497
148,497
148,497
148,497
149,497
149,497
149,497
150,497
150,497
150,497
151,497
151,497
151,497
152,497
152,497
152,497
153,497
153,497
153,497
154,497
154,497
154,497
155,497
155,497
155,497
156,497
156,497
156,497
157,497
157,497
157,497
158,497
158,497
158,497
159,497
159,497
159,497
160,497
160,497
160,497
161,497
161,497
161,497
162,497
162,497
162,497
163,497
163,497
163,497
164,497
164,497
164,497
165,497
165,497
165,497
166,497
166,497
166,497
167,497
167,497
167,497
168,497
168,497
168,497
169,497
169,497
169,497
170,497
170,497
170,497
171,497
171,497
171,497
172,497
172,497
172,497
173,497
173,497
173,497
174,497
174,497
174,497
175,497
175,497
175,497
176,497
176,497
176,497
177,497
177,497
177,497
178,497
178,497
178,497
179,497
179,497
179,497
180,497
180,497
180,497
181,497
181,497
181,497
182,497
182,497
182,497
183,497
183,497
183,497
184,497
184,497
184,497
185,497
185,497
185,497
186,497
186,497
186,497
187,497
187,497
187,497
188,497
188,497
188,497
189,497
189,497
189,497
190,497
190,497
190,497
191,497
191,497
191,497
192,497
192,497
192,497
193,497
193,497
193,497
194,497
194,497
194,497
195,497
195,497
195,497
196,497
196,497
196,497
197,497
197,497
197,497
198,497
198,497
198,497
199,497
199,497
199,497
200,497
200,497
200,497
201,497
201,497
201,497
202,497
202,497
202,497
203,497
203,497
203,497
204,497
204,497
204,497
205,497
205,497
205,497
206,497
206,497
206,497
207,497
207,497
207,497
208,497
208,497
208,497
209,497
209,497
209,497
210,497
210,497
210,497
211,497
211,497
211,497
212,497
212,497
212,497
213,497
213,497
213,497
214,497
214,497
214,497
215,497
215,497
215,497
216,497
216,497
216,497
217,497
217,497
217,497
218,497
218,497
218,497
219,497
219,497
219,497
220,497
220,497
220,497
221,497
221,497
221,497
222,497
222,497
222,497
223,497
223,497
223,497
224,497
224,497
224,497
225,497
225,497
225,497
226,497
226,497
226,497
227,497
227,497
227,497
228,497
228,497
228,497
229,497
229,497
229,497
230,497
230,497
230,497
231,497
231,497
231,497
232,497
232,497
232,497
233,497
233,497
233,497
234,497
234,497
234,497
235,497
235,497
235,497
236,497
236,497
236,497
237,497
237,497
237,497
238,497
238,497
238,497
239,497
239,497
239,497
240,497
240,497
240,497
241,497
241,497
241,497
242,497
242,497
242,497
243,497
243,497
243,497
244,497
244,497
244,497
245,497
245,497
245,497
246,497
246,497
246,497
247,497
247,497
247,497
248,497
248,497
248,497
249,497
249,497
249,497
250,497
250,497
250,497
251,497
251,497
251,497
252,497
252,497
252,497
253,497
253,497
253,497
254,497
254,497
254,497
255,497
255,497
255,497
256,497
256,497
256,497
257,497
257,497
257,497
258,497
258,497
258,497
259,497
259,497
259,497
260,497
260,497
260,497
261,497
261,497
261,497
262,497
262,497
262,497
263,497
263,497
263,497
264,497
264,497
264,497
265,497
265,497
265,497
266,497
266,497
266,497
267,497
267,497
267,497
268,497
268,497
268,497
269,497
269,497
269,497
270,497
270,497
270,497
271,497
271,497
271,497
272,497
272,497
272,497
273,497
273,497
273,497
274,497
274,497
274,497
275,497
275,497
275,497
276,497
276,497
276,497
277,497
277,497
277,497
278,497
278,497
278,497
279,497
279,497
279,497
280,497
280,497
280,497
281,497
281,497
281,497
282,497
282,497
282,497
283,497
283,497
283,497
284,497
284,497
284,497
285,497
285,497
285,497
286,497
286,497
286,497
287,497
287,497
287,497
288,497
288,497
288,497
289,497
289,497
289,497
290,497
290,497
290,497
291,497
291,497
291,497
292,497
292,497
292,497
293,497
293,497
293,497
294,497
294,497
294,497
295,497
295,497
295,497
296,497
296,497
296,497
297,497
297,497
297,497
298,497
298,497
298,497
299,497
299,497
299,497
300,497
300,497
300,497
301,497
301,497
301,497
302,497
302,497
302,497
303,497
303,497
303,497
304,497
304,497
304,497
305,497
305,497
305,497
306,497
306,497
306,497
307,497
307,497
307,497
308,497
308,497
308,497
309,497
309,497
309,497
310,497
310,497
310,497
311,497
311,497
311,497
312,497
312,497
312,497
313,497
313,497
313,497
314,497
314,497
314,497
315,497
315,497
315,497
316,497
316,497
316,497
317,497
317,497
317,497
318,497
318,497
318,497
319,497
319,497
319,497
320,497
320,497
320,497
321,497
321,497
321,497
322,497
322,497
322,497
323,497
323,497
323,497
324,497
324,497
324,497
325,497
325,497
325,497
326,497
326,497
326,497
327,497
327,497
327,497
328,497
328,497
328,497
329,497
329,497
329,497
330,497
330,497
330,497
331,497
331,497
331,497
332,497
332,497
332,497
333,497
333,497
333,497
334,497
334,497
334,497
335,497
335,497
335,497
336,497
336,497
336,497
337,497
337,497
337,497
338,497
338,497
338,497
339,497
339,497
339,497
340,497
340,497
340,497
341,497
341,497
341,497
342,497
342,497
342,497
343,497
343,497
343,497
344,497
344,497
344,497
345,497
345,497
345,497
346,497
346,497
346,497
347,497
347,497
347,497
348,497
348,497
348,497
349,497
349,497
349,497
350,497
350,497
350,497
351,497
351,497
351,497
352,497
352,497
352,497
353,497
353,497
353,497
354,497
354,497
354,497
355,497
355,497
355,497
356,497
356,497
356,497
357,497
357,497
357,497
358,497
358,497
358,497
359,497
359,497
359,497
360,497
360,497
360,497
361,497
361,497
361,497
362,497
362,497
362,497
363,497
363,497
363,497
364,497
364,497
364,497
365,497
365,497
365,497
366,497
366,497
366,497
367,497
367,497
367,497
368,497
368,497
368,497
369,497
369,497
369,497
370,497
370,497
370,497
371,497
371,497
371,497
372,497
372,497
372,497
373,497
373,497
373,497
374,497
374,497
374,497
375,497
375,497
375,497
376,497
376,497
376,497
377,497
377,497
377,497
378,497
378,497
378,497
379,497
379,497
379,497
380,497
380,497
380,497
381,497
381,497
381,497
382,497
382,497
382,497
383,497
383,497
383,497
384,497
384,497
384,497
385,497
385,497
385,497
386,497
386,497
386,497
387,497
387,497
387,497
388,497
388,497
388,497
389,497
389,497
389,497
390,497
390,497
390,497
391,497
391,497
391,497
392,497
392,497
392,497
393,497
393,497
393,497
394,497
394,497
394,497
395,497
395,497
395,497
396,497
396,497
396,497
397,497
397,497
397,497
398,497
398,497
398,497
399,497
399,497
399,497
400,497
400,497
400,497
401,497
401,497
401,497
402,497
402,497
402,497
403,497
403,497
403,497
404,497
404,497
404,497
405,497
405,497
405,497
406,497
406,497
406,497
407,497
407,497
407,497
408,497
408,497
408,497
409,497
409,497
409,497
410,497
410,497
410,497
411,497
411,497
411,497
412,497
412,497
412,497
413,497
413,497
413,497
414,497
414,497
414,497
415,497
415,497
415,497
416,497
416,497
416,497
417,497
417,497
417,497
418,497
418,497
418,497
419,497
419,497
419,497
420,497
420,497
420,497
421,497
421,497
421,497
422,497
422,497
422,497
423,497
423,497
423,497
424,497
424,497
424,497
425,497
425,497
425,497
426,497
426,497
426,497
427,497
427,497
427,497
428,497
428,497
428,497
429,497
429,497
429,497
430,497
430,497
430,497
431,497
431,497
431,497
432,497
432,497
432,497
433,497
433,497
433,497
434,497
434,497
434,497
435,497
435,497
435,497
436,497
436,497
436,497
437,497
437,497
437,497
438,497
438,497
438,497
439,497
439,497
439,497
440,497
440,497
440,497
441,497
441,497
441,497
442,497
442,497
442,497
443,497
443,497
443,497
444,497
444,497
444,497
445,497
445,497
445,497
446,497
446,497
446,497
447,497
447,497
447,497
448,497
448,497
448,497
449,497
449,497
449,497
450,497
450,497
450,497
451,497
451,497
451,497
452,497
452,497
452,497
453,497
453,497
453,497
454,497
454,497
454,497
455,497
455,497
455,497
456,497
456,497
456,497
457,497
457,497
457,497
458,497
458,497
458,497
459,497
459,497
459,497
460,497
460,497
460,497
461,497
461,497
461,497
462,497
462,497
462,497
463,497
463,497
463,497
464,497
464,497
464,497
465,497
465,497
465,497
466,497
466,497
466,497
467,497
467,497
467,497
468,497
468,497
468,497
469,497
469,497
469,497
469,496
469,496
469,496
469,495
469,495
469,495
469,494
469,494
469,494
469,493
469,493
469,493
469,492
469,492
469,492
469,491
469,491
469,491
469,490
469,490
469,490
469,489
469,489
469,489
469,488
469,488
469,488
469,487
469,487
469,487
469,486
469,486
469,486
469,485
469,485
469,485
469,484
469,484
469,484
469,483
469,483
469,483
469,482
469,482
469,482
469,481
469,481
469,481
469,480
469,480
469,480
469,479
469,479
469,479
469,478
469,478
469,478
469,477
469,477
469,477
469,476
469,476
469,476
469,475
469,475
469,475
469,474
469,474
469,474
469,473
469,473
469,473
469,472
469,472
469,472
469,471
469,471
469,471
469,470
469,470
469,470
469,469
469,469
469,469
469,468
469,468
469,468
469,467
469,467
469,467
469,466
469,466
469,466
469,465
469,465
469,465
469,464
469,464
469,464
469,463
469,463
469,463
469,462
469,462
469,462
469,461
469,461
469,461
469,460
469,460
469,460
469,459
469,459
469,459
469,458
469,458
469,458
469,457
469,457
469,457
469,456
469,456
469,456
469,455
469,455
469,455
469,454
469,454
469,454
469,453
469,453
469,453
469,452
469,452
469,452
469,451
469,451
469,451
469,450
469,450
469,450
469,449
469,449
469,449
469,448
469,448
469,448
469,447
469,447
469,447
469,446
469,446
469,446
469,445
469,445
469,445
469,444
469,444
469,444
469,443
469,443
469,443
469,442
469,442
469,442
469,441
469,441
469,441
469,440
469,440
469,440
469,439
469,439
469,439
469,438
469,438
469,438
469,437
469,437
469,437
469,436
469,436
469,436
469,435
469,435
469,435
469,434
469,434
469,434
469,433
469,433
469,433
469,432
469,432
469,432
469,431
469,431
469,431
469,430
469,430
469,430
469,429
469,429
469,429
469,428
469,428
469,428
469,427
469,427
469,427
469,426
469,426
469,426
469,425
469,425
469,425
469,424
469,424
469,424
469,423
469,423
469,423
469,422
469,422
469,422
469,421
469,421
469,421
469,420
469,420
469,420
469,419
469,419
469,419
469,418
469,418
469,418
469,417
469,417
469,417
469,416
469,416
469,416
469,415
469,415
469,415
469,414
469,414
469,414
469,413
469,413
469,413
469,412
469,412
469,412
469,411
469,411
469,411
469,410
469,410
469,410
469,409
469,409
469,409
469,408
469,408
469,408
469,407
469,407
469,407
469,406
469,406
469,406
469,405
469,405
469,405
469,404
469,404
469,404
469,403
469,403
469,403
469,402
469,402
469,402
469,401
469,401
469,401
469,400
469,400
469,400
469,399
469,399
469,399
469,398
469,398
469,398
469,397
469,397
469,397
469,396
469,396
469,396
469,395
469,395
469,395
469,394
469,394
469,394
469,393
469,393
469,393
469,392
469,392
469,392
469,391
469,391
469,391
469,390
469,390
469,390
469,389
469,389
469,389
469,388
469,388
469,388
469,387
469,387
469,387
469,386
469,386
469,386
469,385
469,385
469,385
469,384
469,384
469,384
469,383
469,383
469,383
469,382
469,382
469,382
469,381
469,381
469,381
469,380
469,380
469,380
469,379
469,379
469,379
469,378
469,378
469,378
469,377
469,377
469,377
469,376
469,376
469,376
469,375
469,375
469,375
469,374
469,374
469,374
469,373
469,373
469,373
469,372
469,372
469,372
469,371
469,371
469,371
469,370
469,370
469,370
469,369
469,369
469,369
469,368
469,368
469,368
469,367
469,367
469,367
469,366
469,366
469,366
469,365
469,365
469,365
469,364
469,364
469,364
469,363
469,363
469,363
469,362
469,362
469,362
469,361
469,361
469,361
469,360
469,360
469,360
469,359
469,359
469,359
469,358
469,358
469,358
469,357
469,357
469,357
469,356
469,356
469,356
469,355
469,355
469,355
469,354
469,354
469,354
469,353
469,353
469,353
469,352
469,352
469,352
469,351
469,351
469,351
469,350
469,350
469,350
469,349
469,349
469,349
469,348
469,348
469,348
469,347
469,347
469,347
469,346
469,346
469,346
469,345
469,345
469,345
469,344
469,344
469,344
469,343
469,343
469,343
469,342
469,342
469,342
469,341
469,341
469,341
469,340
469,340
469,340
469,339
469,339
469,339
469,338
469,338
469,338
469,337
469,337
469,337
469,336
469,336
469,336
469,335
469,335
469,335
469,334
469,334
469,334
469,333
469,333
469,333
469,332
469,332
469,332
469,331
469,331
469,331
469,330
469,330
469,330
469,329
469,329
469,329
469,328
469,328
469,328
469,327
469,327
469,327
469,326
469,326
469,326
469,325
469,325
469,325
469,324
469,324
469,324
469,323
469,323
469,323
469,322
469,322
469,322
469,321
469,321
469,321
469,320
469,320
469,320
469,319
469,319
469,319
469,318
469,318
469,318
469,317
469,317
469,317
469,316
469,316
469,316
469,315
469,315
469,315
469,314
469,314
469,314
469,313
469,313
469,313
469,312
469,312
469,312
469,311
469,311
469,311
469,310
469,310
469,310
469,309
469,309
469,309
469,308
469,308
469,308
469,307
469,307
469,307
469,306
469,306
469,306
469,305
469,305
469,305
469,304
469,304
469,304
469,303
469,303
469,303
469,302
469,302
469,302
469,301
469,301
469,301
470,301
470,301
470,301
471,301
471,301
471,301
472,301
472,301
472,301
473,301
473,301
473,301
474,301
474,301
474,301
475,301
475,301
475,301
476,301
476,301
476,301
477,301
477,301
477,301
478,301
478,301
478,301
479,301
479,301
479,301
480,301
480,301
480,301
481,301
481,301
481,301
482,301
482,301
482,301
483,301
483,301
483,301
484,301
484,301
484,301
485,301
485,301
485,301
486,301
486,301
486,301
487,301
487,301
487,301
488,301
488,301
488,301
489,301
489,301
489,301
490,301
490,301
490,301
491,301
491,301
491,301
492,301
492,301
492,301
493,301
493,301
493,301
494,301
494,301
494,301
495,301
495,301
495,301
496,301
496,301
496,301
497,301
497,301
497,301
498,301
498,301
498,301
499,301
499,301
499,301
500,301
500,301
500,301
501,301
501,301
501,301
502,301
502,301
502,301
503,301
503,301
503,301
504,301
504,301
504,301
505,301
505,301
505,301
506,301
506,301
506,301
507,301
507,301
507,301
508,301
508,301
508,301
509,301
509,301
509,301
510,301
510,301
510,301
511,301
511,301
511,301
512,301
512,301
512,301
513,301
513,301
513,301
514,301
514,301
514,301
515,301
515,301
515,301
516,301
516,301
516,301
517,301
517,301
517,301
518,301
518,301
518,301
519,301
519,301
519,301
520,301
520,301
520,301
521,301
521,301
521,301
522,301
522,301
522,301
523,301
523,301
523,301
524,301
524,301
524,301
525,301
525,301
525,301
526,301
526,301
526,301
527,301
527,301
527,301
528,301
528,301
528,301
529,301
529,301
529,301
530,301
530,301
530,301
531,301
531,301
531,301
532,301
532,301
532,301
533,301
533,301
533,301
534,301
534,301
534,301
535,301
535,301
535,301
536,301
536,301
536,301
537,301
537,301
537,301
538,301
538,301
538,301
539,301
539,301
539,301
540,301
540,301
540,301
541,301
541,301
541,301
542,301
542,301
542,301
543,301
543,301
543,301
544,301
544,301
544,301
545,301
545,301
545,301
546,301
546,301
546,301
547,301
547,301
547,301
548,301
548,301
548,301
549,301
549,301
549,301
550,301
550,301
550,301
551,301
551,301
551,301
552,301
552,301
552,301
553,301
553,301
553,301
554,301
554,301
554,301
555,301
555,301
555,301
556,301
556,301
556,301
557,301
557,301
557,301
558,301
558,301
558,301
559,301
559,301
559,301
560,301
560,301
560,301
561,301
561,301
561,301
562,301
562,301
562,301
563,301
563,301
563,301
564,301
564,301
564,301
565,301
565,301
565,301
566,301
566,301
566,301
567,301
567,301
567,301
568,301
568,301
568,301
569,301
569,301
569,301
570,301
570,301
570,301
571,301
571,301
571,301
572,301
572,301
572,301
573,301
573,301
573,301
574,301
574,301
574,301
575,301
575,301
575,301
576,301
576,301
576,301
577,301
577,301
577,301
578,301
578,301
578,301
579,301
579,301
579,301
580,301
580,301
580,301
581,301
581,301
581,301
582,301
582,301
582,301
583,301
583,301
583,301
584,301
584,301
584,301
585,301
585,301
585,301
586,301
586,301
586,301
587,301
587,301
587,301
588,301
588,301
588,301
589,301
589,301
589,301
590,301
590,301
590,301
591,301
591,301
591,301
592,301
592,301
592,301
593,301
593,301
593,301
594,301
594,301
594,301
595,301
595,301
595,301
596,301
596,301
596,301
597,301
597,301
597,301
598,301
598,301
598,301
599,301
599,301
599,301
600,301
600,301
600,301
601,301
601,301
601,301
602,301
602,301
602,301
603,301
603,301
603,301
604,301
604,301
604,301
605,301
605,301
605,301
606,301
606,301
606,301
607,301
607,301
607,301
608,301
608,301
608,301
609,301
609,301
609,301
610,301
610,301
610,301
611,301
611,301
611,301
612,301
612,301
612,301
613,301
613,301
613,301
614,301
614,301
614,301
615,301
615,301
615,301
616,301
616,301
616,301
617,301
617,301
617,301
618,301
618,301
618,301
619,301
619,301
619,301
620,301
620,301
620,301
621,301
621,301
621,301
622,301
622,301
622,301
623,301
623,301
623,301
624,301
624,301
624,301
625,301
625,301
625,301
626,301
626,301
626,301
627,301
627,301
627,301
628,301
628,301
628,301
629,301
629,301
629,301
630,301
630,301
630,301
631,301
631,301
631,301
632,301
632,301
632,301
633,301
633,301
633,301
634,301
634,301
634,301
635,301
635,301
635,301
636,301
636,301
636,301
637,301
637,301
637,301
638,301
638,301
638,301
639,301
639,301
639,301
640,301
640,301
640,301
641,301
641,301
641,301
642,301
642,301
642,301
643,301
643,301
643,301
644,301
644,301
644,301
645,301
645,301
645,301
646,301
646,301
646,301
647,301
647,301
647,301
648,301
648,301
648,301
649,301
649,301
649,301
650,301
650,301
650,301
651,301
651,301
651,301
652,301
652,301
652,301
653,301
653,301
653,301
654,301
654,301
654,301
655,301
655,301
655,301
656,301
656,301
656,301
657,301
657,301
657,301
658,301
658,301
658,301
659,301
659,301
659,301
660,301
660,301
660,301
661,301
661,301
661,301
662,301
662,301
662,301
663,301
663,301
663,301
664,301
664,301
664,301
665,301
665,301
665,301
666,301
666,301
666,301
667,301
667,301
667,301
668,301
668,301
668,301
669,301
669,301
669,301
670,301
670,301
670,301
671,301
671,301
671,301
672,301
672,301
672,301
673,301
673,301
673,301
674,301
674,301
674,301
675,301
675,301
675,301
676,301
676,301
676,301
677,301
677,301
677,301
678,301
678,301
678,301
679,301
679,301
679,301
680,301
680,301
680,301
681,301
681,301
681,301
682,301
682,301
682,301
683,301
683,301
683,301
684,301
684,301
684,301
685,301
685,301
685,301
686,301
686,301
686,301
687,301
687,301
687,301
688,301
688,301
688,301
689,301
689,301
689,301
690,301
690,301
690,301
691,301
691,301
691,301
692,301
692,301
692,301
693,301
693,301
693,301
694,301
694,301
694,301
695,301
695,301
695,301
696,301
696,301
696,301
696,302
696,302
696,302
696,303
696,303
696,303
696,304
696,304
696,304
696,305
696,305
696,305
696,306
696,306
696,306
696,307
696,307
696,307
696,308
696,308
696,308
696,309
696,309
696,309
696,310
696,310
696,310
696,311
696,311
696,311
696,312
696,312
696,312
696,313
696,313
696,313
696,314
696,314
696,314
696,315
696,315
696,315
696,316
696,316
696,316
696,317
696,317
696,317
696,318
696,318
696,318
696,319
696,319
696,319
696,320
696,320
696,320
696,321
696,321
696,321
696,322
696,322
696,322
696,323
696,323
696,323
696,324
696,324
696,324
696,325
696,325
696,325
696,326
696,326
696,326
696,327
696,327
696,327
696,328
696,328
696,328
696,329
696,329
696,329
696,330
696,330
696,330
696,331
696,331
696,331
696,332
696,332
696,332
696,333
696,333
696,333
696,334
696,334
696,334
696,335
696,335
696,335
696,336
696,336
696,336
696,337
696,337
696,337
696,338
696,338
696,338
696,339
696,339
696,339
696,340
696,340
696,340
696,341
696,341
696,341
696,342
696,342
696,342
696,343
696,343
696,343
696,344
696,344
696,344
696,345
696,345
696,345
696,346
696,346
696,346
696,347
696,347
696,347
696,348
696,348
696,348
696,349
696,349
696,349
696,350
696,350
696,350
696,351
696,351
696,351
696,352
696,352
696,352
696,353
696,353
696,353
696,354
696,354
696,354
696,355
696,355
696,355
696,356
696,356
696,356
696,357
696,357
696,357
696,358
696,358
696,358
696,359
696,359
696,359
696,360
696,360
696,360
696,361
696,361
696,361
696,362
696,362
696,362
696,363
696,363
696,363
696,364
696,364
696,364
696,365
696,365
696,365
696,366
696,366
696,366
696,367
696,367
696,367
696,368
696,368
696,368
696,369
696,369
696,369
696,370
696,370
696,370
696,371
696,371
696,371
696,372
696,372
696,372
696,373
696,373
696,373
696,374
696,374
696,374
696,375
696,375
696,375
696,376
696,376
696,376
696,377
696,377
696,377
696,378
696,378
696,378
696,379
696,379
696,379
696,380
696,380
696,380
696,381
696,381
696,381
696,382
696,382
696,382
696,383
696,383
696,383
696,384
696,384
696,384
696,385
696,385
696,385
696,386
696,386
696,386
696,387
696,387
696,387
696,388
696,388
696,388
696,389
696,389
696,389
696,390
696,390
696,390
696,391
696,391
696,391
696,392
696,392
696,392
696,393
696,393
696,393
696,394
696,394
696,394
696,395
696,395
696,395
696,396
696,396
696,396
696,397
696,397
696,397
696,398
696,398
696,398
696,399
696,399
696,399
696,400
696,400
696,400
696,401
696,401
696,401
696,402
696,402
696,402
696,403
696,403
696,403
696,404
696,404
696,404
696,405
696,405
696,405
696,406
696,406
696,406
696,407
696,407
696,407
696,408
696,408
696,408
696,409
696,409
696,409
696,410
696,410
696,410
696,411
696,411
696,411
696,412
696,412
696,412
696,413
696,413
696,413
696,414
696,414
696,414
696,415
696,415
696,415
696,416
696,416
696,416
696,417
696,417
696,417
696,418
696,418
696,418
696,419
696,419
696,419
696,420
696,420
696,420
696,421
696,421
696,421
696,422
696,422
696,422
696,423
696,423
696,423
696,424
696,424
696,424
696,425
696,425
696,425
696,426
696,426
696,426
696,427
696,427
696,427
696,428
696,428
696,428
696,429
696,429
696,429
696,430
696,430
696,430
696,431
696,431
696,431
696,432
696,432
696,432
696,433
696,433
696,433
696,434
696,434
696,434
696,435
696,435
696,435
696,436
696,436
696,436
696,437
696,437
696,437
696,438
696,438
696,438
696,439
696,439
696,439
696,440
696,440
696,440
696,441
696,441
696,441
696,442
696,442
696,442
696,443
696,443
696,443
696,444
696,444
696,444
696,445
696,445
696,445
696,446
696,446
696,446
696,447
696,447
696,447
696,448
696,448
696,448
696,449
696,449
696,449
696,450
696,450
696,450
696,451
696,451
696,451
696,452
696,452
696,452
696,453
696,453
696,453
696,454
696,454
696,454
696,455
696,455
696,455
696,456
696,456
696,456
696,457
696,457
696,457
696,458
696,458
696,458
696,459
696,459
696,459
696,460
696,460
696,460
696,461
696,461
696,461
696,462
696,462
696,462
696,463
696,463
696,463
696,464
696,464
696,464
696,465
696,465
696,465
696,466
696,466
696,466
696,467
696,467
696,467
696,468
696,468
696,468
696,469
696,469
696,469
696,470
696,470
696,470
696,471
696,471
696,471
696,472
696,472
696,472
696,473
696,473
696,473
696,474
696,474
696,474
696,475
696,475
696,475
696,476
696,476
696,476
696,477
696,477
696,477
696,478
696,478
696,478
696,479
696,479
696,479
696,480
696,480
696,480
696,481
696,481
696,481
696,482
696,482
696,482
696,483
696,483
696,483
696,484
696,484
696,484
696,485
696,485
696,485
697,485
697,485
697,485
698,485
698,485
698,485
699,485
699,485
699,485
700,485
700,485
700,485
701,485
701,485
701,485
702,485
702,485
702,485
703,485
703,485
703,485
704,485
704,485
704,485
705,485
705,485
705,485
706,485
706,485
706,485
707,485
707,485
707,485
708,485
708,485
708,485
709,485
709,485
709,485
710,485
710,485
710,485
711,485
711,485
711,485
712,485
712,485
712,485
713,485
713,485
713,485
714,485
714,485
714,485
715,485
715,485
715,485
716,485
716,485
716,485
717,485
717,485
717,485
718,485
718,485
718,485
719,485
719,485
719,485
720,485
720,485
720,485
721,485
721,485
721,485
722,485
722,485
722,485
723,485
723,485
723,485
724,485
724,485
724,485
725,485
725,485
725,485
726,485
726,485
726,485
727,485
727,485
727,485
728,485
728,485
728,485
729,485
729,485
729,485
730,485
730,485
730,485
731,485
731,485
731,485
732,485
732,485
732,485
733,485
733,485
733,485
734,485
734,485
734,485
735,485
735,485
735,485
736,485
736,485
736,485
737,485
737,485
737,485
738,485
738,485
738,485
739,485
739,485
739,485
740,485
740,485
740,485
741,485
741,485
741,485
742,485
742,485
742,485
743,485
743,485
743,485
744,485
744,485
744,485
745,485
745,485
745,485
746,485
746,485
746,485
747,485
747,485
747,485
748,485
748,485
748,485
749,485
749,485
749,485
750,485
750,485
750,485
751,485
751,485
751,485
752,485
752,485
752,485
753,485
753,485
753,485
754,485
754,485
754,485
755,485
755,485
755,485
756,485
756,485
756,485
757,485
757,485
757,485
758,485
758,485
758,485
759,485
759,485
759,485
760,485
760,485
760,485
761,485
761,485
761,485
762,485
762,485
762,485
763,485
763,485
763,485
764,485
764,485
764,485
765,485
765,485
765,485
766,485
766,485
766,485
767,485
767,485
767,485
768,485
768,485
768,485
769,485
769,485
769,485
770,485
770,485
770,485
771,485
771,485
771,485
772,485
772,485
772,485
773,485
773,485
773,485
774,485
774,485
774,485
775,485
775,485
775,485
776,485
776,485
776,485
777,485
777,485
777,485
778,485
778,485
778,485
779,485
779,485
779,485
780,485
780,485
780,485
781,485
781,485
781,485
782,485
782,485
782,485
783,485
783,485
783,485
784,485
784,485
784,485
785,485
785,485
785,485
786,485
786,485
786,485
787,485
787,485
787,485
788,485
788,485
788,485
789,485
789,485
789,485
790,485
790,485
790,485
791,485
791,485
791,485
792,485
792,485
792,485
793,485
793,485
793,485
794,485
794,485
794,485
795,485
795,485
795,485
796,485
796,485
796,485
797,485
797,485
797,485
798,485
798,485
798,485
799,485
799,485
799,485
800,485
800,485
800,485
801,485
801,485
801,485
802,485
802,485
802,485
803,485
803,485
803,485
804,485
804,485
804,485
805,485
805,485
805,485
806,485
806,485
806,485
807,485
807,485
807,485
808,485
808,485
808,485
809,485
809,485
809,485
810,485
810,485
810,485
811,485
811,485
811,485
812,485
812,485
812,485
813,485
813,485
813,485
814,485
814,485
814,485
815,485
815,485
815,485
816,485
816,485
816,485
817,485
817,485
817,485
818,485
818,485
818,485
819,485
819,485
819,485
820,485
820,485
820,485
821,485
821,485
821,485
822,485
822,485
822,485
823,485
823,485
823,485
824,485
824,485
824,485
825,485
825,485
825,485
826,485
826,485
826,485
827,485
827,485
827,485
828,485
828,485
828,485
829,485
829,485
829,485
830,485
830,485
830,485
831,485
831,485
831,485
832,485
832,485
832,485
833,485
833,485
833,485
834,485
834,485
834,485
835,485
835,485
835,485
836,485
836,485
836,485
837,485
837,485
837,485
838,485
838,485
838,485
839,485
839,485
839,485
840,485
840,485
840,485
841,485
841,485
841,485
842,485
842,485
842,485
843,485
843,485
843,485
844,485
844,485
844,485
845,485
845,485
845,485
846,485
846,485
846,485
847,485
847,485
847,485
848,485
848,485
848,485
849,485
849,485
849,485
850,485
850,485
850,485
851,485
851,485
851,485
852,485
852,485
852,485
853,485
853,485
853,485
854,485
854,485
854,485
855,485
855,485
855,485
856,485
856,485
856,485
857,485
857,485
857,485
858,485
858,485
858,485
859,485
859,485
859,485
860,485
860,485
860,485
861,485
861,485
861,485
862,485
862,485
862,485
863,485
863,485
863,485
864,485
864,485
864,485
865,485
865,485
865,485
866,485
866,485
866,485
867,485
867,485
867,485
868,485
868,485
868,485
869,485
869,485
869,485
870,485
870,485
870,485
871,485
871,485
871,485
872,485
872,485
872,485
873,485
873,485
873,485
874,485
874,485
874,485
875,485
875,485
875,485
876,485
876,485
876,485
877,485
877,485
877,485
878,485
878,485
878,485
879,485
879,485
879,485
880,485
880,485
880,485
881,485
881,485
881,485
882,485
882,485
882,485
883,485
883,485
883,485
884,485
884,485
884,485
885,485
885,485
885,485
886,485
886,485
886,485
887,485
887,485
887,485
888,485
888,485
888,485
889,485
889,485
889,485
890,485
890,485
890,485
891,485
891,485
891,485
892,485
892,485
892,485
893,485
893,485
893,485
894,485
894,485
894,485
895,485
895,485
895,485
896,485
896,485
896,485
897,485
897,485
897,485
898,485
898,485
898,485
899,485
899,485
899,485
900,485
900,485
900,485
901,485
901,485
901,485
902,485
902,485
902,485
903,485
903,485
903,485
904,485
904,485
904,485
905,485
905,485
905,485
906,485
906,485
906,485
907,485
907,485
907,485
908,485
908,485
908,485
909,485
909,485
909,485
910,485
910,485
910,485
911,485
911,485
911,485
912,485
912,485
912,485
913,485
913,485
913,485
914,485
914,485
914,485
915,485
915,485
915,485
916,485
916,485
916,485
917,485
917,485
917,485
918,485
918,485
918,485
919,485
919,485
919,485
920,485
920,485
920,485
921,485
921,485
921,485
922,485
922,485
922,485
923,485
923,485
923,485
924,485
924,485
924,485
925,485
925,485
925,485
926,485
926,485
926,485
927,485
927,485
927,485
928,485
928,485
928,485
929,485
929,485
929,485
930,485
930,485
930,485
931,485
931,485
931,485
932,485
932,485
932,485
933,485
933,485
933,485
934,485
934,485
934,485
935,485
935,485
935,485
936,485
936,485
936,485
937,485
937,485
937,485
938,485
938,485
938,485
939,485
939,485
939,485
940,485
940,485
940,485
941,485
941,485
941,485
942,485
942,485
942,485
943,485
943,485
943,485
944,485
944,485
944,485
945,485
945,485
945,485
946,485
946,485
946,485
947,485
947,485
947,485
948,485
948,485
948,485
949,485
949,485
949,485
950,485
950,485
950,485
951,485
951,485
951,485
952,485
952,485
952,485
953,485
953,485
953,485
954,485
954,485
954,485
955,485
955,485
955,485
956,485
956,485
956,485
957,485
957,485
957,485
958,485
958,485
958,485
959,485
959,485
959,485
960,485
960,485
960,485
961,485
961,485
961,485
962,485
962,485
962,485
963,485
963,485
963,485
964,485
964,485
964,485
965,485
965,485
965,485
966,485
966,485
966,485
967,485
967,485
967,485
968,485
968,485
968,485
969,485
969,485
969,485
969,484
969,484
969,484
969,483
969,483
969,483
969,482
969,482
969,482
969,481
969,481
969,481
969,480
969,480
969,480
969,479
969,479
969,479
969,478
969,478
969,478
969,477
969,477
969,477
969,476
969,476
969,476
969,475
969,475
969,475
969,474
969,474
969,474
969,473
969,473
969,473
969,472
969,472
969,472
969,471
969,471
969,471
969,470
969,470
969,470
969,469
969,469
969,469
969,468
969,468
969,468
969,467
969,467
969,467
969,466
969,466
969,466
969,465
969,465
969,465
969,464
969,464
969,464
969,463
969,463
969,463
969,462
969,462
969,462
969,461
969,461
969,461
969,460
969,460
969,460
969,459
969,459
969,459
969,458
969,458
969,458
969,457
969,457
969,457
969,456
969,456
969,456
969,455
969,455
969,455
969,454
969,454
969,454
969,453
969,453
969,453
969,452
969,452
969,452
969,451
969,451
969,451
969,450
969,450
969,450
969,449
969,449
969,449
969,448
969,448
969,448
969,447
969,447
969,447
969,446
969,446
969,446
969,445
969,445
969,445
969,444
969,444
969,444
969,443
969,443
969,443
969,442
969,442
969,442
969,441
969,441
969,441
969,440
969,440
969,440
969,439
969,439
969,439
969,438
969,438
969,438
969,437
969,437
969,437
969,436
969,436
969,436
969,435
969,435
969,435
969,434
969,434
969,434
969,433
969,433
969,433
969,432
969,432
969,432
969,431
969,431
969,431
969,430
969,430
969,430
969,429
969,429
969,429
969,428
969,428
969,428
969,427
969,427
969,427
969,426
969,426
969,426
969,425
969,425
969,425
969,424
969,424
969,424
969,423
969,423
969,423
969,422
969,422
969,422
969,421
969,421
969,421
969,420
969,420
969,420
969,419
969,419
969,419
969,418
969,418
969,418
969,417
969,417
969,417
969,416
969,416
969,416
969,415
969,415
969,415
969,414
969,414
969,414
969,413
969,413
969,413
969,412
969,412
969,412
969,411
969,411
969,411
969,410
969,410
969,410
969,409
969,409
969,409
969,408
969,408
969,408
969,407
969,407
969,407
969,406
969,406
969,406
969,405
969,405
969,405
969,404
969,404
969,404
969,403
969,403
969,403
969,402
969,402
969,402
969,401
969,401
969,401
969,400
969,400
969,400
969,399
969,399
969,399
969,398
969,398
969,398
969,397
969,397
969,397
969,396
969,396
969,396
969,395
969,395
969,395
969,394
969,394
969,394
969,393
969,393
969,393
969,392
969,392
969,392
969,391
969,391
969,391
969,390
969,390
969,390
969,389
969,389
969,389
969,388
969,388
969,388
969,387
969,387
969,387
969,386
969,386
969,386
969,385
969,385
969,385
969,384
969,384
969,384
969,383
969,383
969,383
969,382
969,382
969,382
969,381
969,381
969,381
969,380
969,380
969,380
969,379
969,379
969,379
969,378
969,378
969,378
969,377
969,377
969,377
969,376
969,376
969,376
969,375
969,375
969,375
969,374
969,374
969,374
969,373
969,373
969,373
969,372
969,372
969,372
969,371
969,371
969,371
969,370
969,370
969,370
969,369
969,369
969,369
969,368
969,368
969,368
969,367
969,367
969,367
969,366
969,366
969,366
969,365
969,365
969,365
969,364
969,364
969,364
969,363
969,363
969,363
969,362
969,362
969,362
969,361
969,361
969,361
969,360
969,360
969,360
969,359
969,359
969,359
969,358
969,358
969,358
969,357
969,357
969,357
969,356
969,356
969,356
969,355
969,355
969,355
969,354
969,354
969,354
969,353
969,353
969,353
969,352
969,352
969,352
969,351
969,351
969,351
969,350
969,350
969,350
969,349
969,349
969,349
969,348
969,348
969,348
969,347
969,347
969,347
969,346
969,346
969,346
969,345
969,345
969,345
969,344
969,344
969,344
969,343
969,343
969,343
969,342
969,342
969,342
969,341
969,341
969,341
969,340
969,340
969,340
969,339
969,339
969,339
969,338
969,338
969,338
969,337
969,337
969,337
969,336
969,336
969,336
969,335
969,335
969,335
969,334
969,334
969,334
969,333
969,333
969,333
969,332
969,332
969,332
969,331
969,331
969,331
969,330
969,330
969,330
969,329
969,329
969,329
969,328
969,328
969,328
969,327
969,327
969,327
969,326
969,326
969,326
969,325
969,325
969,325
969,324
969,324
969,324
969,323
969,323
969,323
969,322
969,322
969,322
969,321
969,321
969,321
969,320
969,320
969,320
969,319
969,319
969,319
969,318
969,318
969,318
969,317
969,317
969,317
969,316
969,316
969,316
969,315
969,315
969,315
969,314
969,314
969,314
969,313
969,313
969,313
969,312
969,312
969,312
969,311
969,311
969,311
969,310
969,310
969,310
969,309
969,309
969,309
969,308
969,308
969,308
969,307
969,307
969,307
969,306
969,306
969,306
969,305
969,305
969,305
969,304
969,304
969,304
969,303
969,303
969,303
969,302
969,302
969,302
969,301
969,301
969,301
969,300
969,300
969,300
969,299
969,299
969,299
969,298
969,298
969,298
969,297
969,297
969,297
969,296
969,296
969,296
969,295
969,295
969,295
969,294
969,294
969,294
969,293
969,293
969,293
969,292
969,292
969,292
969,291
969,291
969,291
969,290
969,290
969,290
969,289
969,289
969,289
969,288
969,288
969,288
969,287
969,287
969,287
969,286
969,286
969,286
969,285
969,285
969,285
969,284
969,284
969,284
969,283
969,283
969,283
969,282
969,282
969,282
969,281
969,281
969,281
969,280
969,280
969,280
969,279
969,279
969,279
969,278
969,278
969,278
969,277
969,277
969,277
969,276
969,276
969,276
969,275
969,275
969,275
969,274
969,274
969,274
969,273
969,273
969,273
969,272
969,272
969,272
969,271
969,271
969,271
969,270
969,270
969,270
969,269
969,269
969,269
969,268
969,268
969,268
969,267
969,267
969,267
969,266
969,266
969,266
969,265
969,265
969,265
969,264
969,264
969,264
969,263
969,263
969,263
969,262
969,262
969,262
969,261
969,261
969,261
969,260
969,260
969,260
969,259
969,259
969,259
969,258
969,258
969,258
969,257
969,257
969,257
969,256
969,256
969,256
969,255
969,255
969,255
969,254
969,254
969,254
969,253
969,253
969,253
969,252
969,252
969,252
969,251
969,251
969,251
969,250
969,250
969,250
969,249
969,249
969,249
969,248
969,248
969,248
969,247
969,247
969,247
969,246
969,246
969,246
969,245
969,245
969,245
969,244
969,244
969,244
969,243
969,243
969,243
969,242
969,242
969,242
969,241
969,241
969,241
969,240
969,240
969,240
969,239
969,239
969,239
969,238
969,238
969,238
969,237
969,237
969,237
969,236
969,236
969,236
969,235
969,235
969,235
969,234
969,234
969,234
969,233
969,233
969,233
969,232
969,232
969,232
969,231
969,231
969,231
969,230
969,230
969,230
969,229
969,229
969,229
969,228
969,228
969,228
969,227
969,227
969,227
969,226
969,226
969,226
969,225
969,225
969,225
969,224
969,224
969,224
969,223
969,223
969,223
969,222
969,222
969,222
969,221
969,221
969,221
969,220
969,220
969,220
969,219
969,219
969,219
969,218
969,218
969,218
969,217
969,217
969,217
969,216
969,216
969,216
969,215
969,215
969,215
969,214
969,214
969,214
969,213
969,213
969,213
969,212
969,212
969,212
969,211
969,211
969,211
969,210
969,210
969,210
969,209
969,209
969,209
969,208
969,208
969,208
969,207
969,207
969,207
969,206
969,206
969,206
969,205
969,205
969,205
969,204
969,204
969,204
969,203
969,203
969,203
969,202
969,202
969,202
969,201
969,201
969,201
969,200
969,200
969,200
969,199
969,199
969,199
969,198
969,198
969,198
969,197
969,197
969,197
969,196
969,196
969,196
969,195
969,195
969,195
969,194
969,194
969,194
969,193
969,193
969,193
969,192
969,192
969,192
969,191
969,191
969,191
969,190
969,190
969,190
969,189
969,189
969,189
969,188
969,188
969,188
969,187
969,187
969,187
969,186
969,186
969,186
969,185
969,185
969,185
969,184
969,184
969,184
969,183
969,183
969,183
969,182
969,182
969,182
969,181
969,181
969,181
969,180
969,180
969,180
969,179
969,179
969,179
969,178
969,178
969,178
969,177
969,177
969,177
969,176
969,176
969,176
969,175
969,175
969,175
969,174
969,174
969,174
969,173
969,173
969,173
969,172
969,172
969,172
969,171
969,171
969,171
969,170
969,170
969,170
969,169
969,169
969,169
969,168
969,168
969,168
969,167
969,167
969,167
969,166
969,166
969,166
969,165
969,165
969,165
969,164
969,164
969,164
969,163
969,163
969,163
969,162
969,162
969,162
969,161
969,161
969,161
969,160
969,160
969,160
969,159
969,159
969,159
969,158
969,158
969,158
969,157
969,157
969,157
969,156
969,156
969,156
969,155
969,155
969,155
969,154
969,154
969,154
969,153
969,153
969,153
969,152
969,152
969,152
969,151
969,151
969,151
969,150
969,150
969,150
969,149
969,149
969,149
969,148
969,148
969,148
969,147
969,147
969,147
969,146
969,146
969,146
969,145
969,145
969,145
969,144
969,144
969,144
969,143
969,143
969,143
969,142
969,142
969,142
969,141
969,141
969,141
969,140
969,140
969,140
969,139
969,139
969,139
969,138
969,138
969,138
969,137
969,137
969,137
969,136
969,136
969,136
969,135
969,135
969,135
969,134
969,134
969,134
969,133
969,133
969,133
969,132
969,132
969,132
969,131
969,131
969,131
969,130
969,130
969,130
969,129
969,129
969,129
969,128
969,128
969,128
969,127
969,127
969,127
969,126
969,126
969,126
969,125
969,125
969,125
969,124
969,124
969,124
969,123
969,123
969,123
969,122
969,122
969,122
969,121
969,121
969,121
969,120
969,120
969,120
969,119
969,119
969,119
969,118
969,118
969,118
969,117
969,117
969,117
969,116
969,116
969,116
969,115
969,115
969,115
969,114
969,114
969,114
969,113
969,113
969,113
969,112
969,112
969,112
969,111
969,111
969,111
969,110
969,110
969,110
969,109
969,109
969,109
969,108
969,108
969,108
969,107
969,107
969,107
969,106
969,106
969,106
969,105
969,105
969,105
969,104
969,104
969,104
969,103
969,103
969,103
969,102
969,102
969,102
969,101
969,101
969,101
969,100
969,100
969,100
969,99
969,99
969,99
969,98
969,98
969,98
969,97
969,97
969,97
969,96
969,96
969,96
969,95
969,95
969,95
969,94
969,94
969,94
969,93
969,93
969,93
969,92
969,92
969,92
969,91
969,91
969,91
969,90
969,90
969,90
969,89
969,89
969,89
969,88
969,88
969,88
969,87
969,87
969,87
969,86
969,86
969,86
969,85
969,85
969,85
969,84
969,84
969,84
969,83
969,83
969,83
969,82
969,82
969,82
969,81
969,81
969,81
969,80
969,80
969,80
969,79
969,79
969,79
969,78
969,78
969,78
969,77
969,77
969,77
969,76
969,76
969,76
969,75
969,75
969,75
969,74
969,74
969,74
969,73
969,73
969,73
969,72
969,72
969,72
969,71
969,71
969,71
969,70
969,70
969,70
969,69
969,69
969,69
969,68
969,68
969,68
968,68
968,68
968,68
967,68
967,68
967,68
966,68
966,68
966,68
965,68
965,68
965,68
964,68
964,68
964,68
963,68
963,68
963,68
962,68
962,68
962,68
961,68
961,68
961,68
960,68
960,68
960,68
959,68
959,68
959,68
958,68
958,68
958,68
957,68
957,68
957,68
956,68
956,68
956,68
955,68
955,68
955,68
954,68
954,68
954,68
953,68
953,68
953,68
952,68
952,68
952,68
951,68
951,68
951,68
950,68
950,68
950,68
949,68
949,68
949,68
948,68
948,68
948,68
947,68
947,68
947,68
946,68
946,68
946,68
945,68
945,68
945,68
944,68
944,68
944,68
943,68
943,68
943,68
942,68
942,68
942,68
941,68
941,68
941,68
940,68
940,68
940,68
939,68
939,68
939,68
938,68
938,68
938,68
937,68
937,68
937,68
936,68
936,68
936,68
935,68
935,68
935,68
934,68
934,68
934,68
933,68
933,68
933,68
932,68
932,68
932,68
931,68
931,68
931,68
930,68
930,68
930,68
929,68
929,68
929,68
928,68
928,68
928,68
927,68
927,68
927,68
926,68
926,68
926,68
925,68
925,68
925,68
924,68
924,68
924,68
923,68
923,68
923,68
922,68
922,68
922,68
921,68
921,68
921,68
920,68
920,68
920,68
919,68
919,68
919,68
918,68
918,68
918,68
917,68
917,68
917,68
916,68
916,68
916,68
915,68
915,68
915,68
914,68
914,68
914,68
913,68
913,68
913,68
912,68
912,68
912,68
911,68
911,68
911,68
910,68
910,68
910,68
909,68
909,68
909,68
908,68
908,68
908,68
907,68
907,68
907,68
906,68
906,68
906,68
905,68
905,68
905,68
904,68
904,68
904,68
903,68
903,68
903,68
902,68
902,68
902,68
901,68
901,68
901,68
900,68
900,68
900,68
899,68
899,68
899,68
898,68
898,68
898,68
897,68
897,68
897,68
896,68
896,68
896,68
895,68
895,68
895,68
894,68
894,68
894,68
893,68
893,68
893,68
892,68
892,68
892,68
891,68
891,68
891,68
890,68
890,68
890,68
889,68
889,68
889,68
888,68
888,68
888,68
887,68
887,68
887,68
886,68
886,68
886,68
885,68
885,68
885,68
884,68
884,68
884,68
883,68
883,68
883,68
882,68
882,68
882,68
881,68
881,68
881,68
880,68
880,68
880,68
879,68
879,68
879,68
878,68
878,68
878,68
877,68
877,68
877,68
876,68
876,68
876,68
875,68
875,68
875,68
874,68
874,68
874,68
873,68
873,68
873,68
872,68
872,68
872,68
871,68
871,68
871,68
870,68
870,68
870,68
869,68
869,68
869,68
868,68
868,68
868,68
867,68
867,68
867,68
866,68
866,68
866,68
865,68
865,68
865,68
864,68
864,68
864,68
863,68
863,68
863,68
862,68
862,68
862,68
861,68
861,68
861,68
860,68
860,68
860,68
859,68
859,68
859,68
858,68
858,68
858,68
857,68
857,68
857,68
856,68
856,68
856,68
855,68
855,68
855,68
854,68
854,68
854,68
853,68
853,68
853,68
852,68
852,68
852,68
851,68
851,68
851,68
850,68
850,68
850,68
849,68
849,68
849,68
848,68
848,68
848,68
847,68
847,68
847,68
846,68
846,68
846,68
845,68
845,68
845,68
844,68
844,68
844,68
843,68
843,68
843,68
842,68
842,68
842,68
841,68
841,68
841,68
840,68
840,68
840,68
839,68
839,68
839,68
838,68
838,68
838,68
837,68
837,68
837,68
836,68
836,68
836,68
835,68
835,68
835,68
834,68
834,68
834,68
833,68
833,68
833,68
832,68
832,68
832,68
831,68
831,68
831,68
830,68
830,68
830,68
829,68
829,68
829,68
828,68
828,68
828,68
827,68
827,68
827,68
826,68
826,68
826,68
825,68
825,68
825,68
824,68
824,68
824,68
823,68
823,68
823,68
822,68
822,68
822,68
821,68
821,68
821,68
820,68
820,68
820,68
819,68
819,68
819,68
818,68
818,68
818,68
817,68
817,68
817,68
816,68
816,68
816,68
815,68
815,68
815,68
814,68
814,68
814,68
813,68
813,68
813,68
812,68
812,68
812,68
811,68
811,68
811,68
810,68
810,68
810,68
809,68
809,68
809,68
808,68
808,68
808,68
807,68
807,68
807,68
806,68
806,68
806,68
805,68
805,68
805,68
804,68
804,68
804,68
803,68
803,68
803,68
802,68
802,68
802,68
801,68
801,68
801,68
800,68
800,68
800,68
799,68
799,68
799,68
798,68
798,68
798,68
797,68
797,68
797,68
796,68
796,68
796,68
795,68
795,68
795,68
794,68
794,68
794,68
793,68
793,68
793,68
792,68
792,68
792,68
791,68
791,68
791,68
790,68
790,68
790,68
789,68
789,68
789,68
788,68
788,68
788,68
787,68
787,68
787,68
786,68
786,68
786,68
785,68
785,68
785,68
784,68
784,68
784,68
783,68
783,68
783,68
782,68
782,68
782,68
781,68
781,68
781,68
780,68
780,68
780,68
779,68
779,68
779,68
778,68
778,68
778,68
777,68
777,68
777,68
776,68
776,68
776,68
775,68
775,68
775,68
774,68
774,68
774,68
773,68
773,68
773,68
772,68
772,68
772,68
771,68
771,68
771,68
770,68
770,68
770,68
769,68
769,68
769,68
768,68
768,68
768,68
767,68
767,68
767,68
766,68
766,68
766,68
765,68
765,68
765,68
764,68
764,68
764,68
763,68
763,68
763,68
762,68
762,68
762,68
761,68
761,68
761,68
760,68
760,68
760,68
759,68
759,68
759,68
758,68
758,68
758,68
757,68
757,68
757,68
756,68
756,68
756,68
755,68
755,68
755,68
754,68
754,68
754,68
753,68
753,68
753,68
752,68
752,68
752,68
751,68
751,68
751,68
750,68
750,68
750,68
749,68
749,68
749,68
748,68
748,68
748,68
747,68
747,68
747,68
746,68
746,68
746,68
745,68
745,68
745,68
744,68
744,68
744,68
743,68
743,68
743,68
742,68
742,68
742,68
741,68
741,68
741,68
740,68
740,68
740,68
739,68
739,68
739,68
738,68
738,68
738,68
737,68
737,68
737,68
736,68
736,68
736,68
735,68
735,68
735,68
734,68
734,68
734,68
733,68
733,68
733,68
732,68
732,68
732,68
731,68
731,68
731,68
730,68
730,68
730,68
729,68
729,68
729,68
728,68
728,68
728,68
727,68
727,68
727,68
726,68
726,68
726,68
725,68
725,68
725,68
724,68
724,68
724,68
723,68
723,68
723,68
722,68
722,68
722,68
721,68
721,68
721,68
720,68
720,68
720,68
719,68
719,68
719,68
718,68
718,68
718,68
717,68
717,68
717,68
716,68
716,68
716,68
715,68
715,68
715,68
714,68
714,68
714,68
713,68
713,68
713,68
712,68
712,68
712,68
711,68
711,68
711,68
710,68
710,68
710,68
709,68
709,68
709,68
708,68
708,68
708,68
707,68
707,68
707,68
706,68
706,68
706,68
705,68
705,68
705,68
704,68
704,68
704,68
703,68
703,68
703,68
702,68
702,68
702,68
701,68
701,68
701,68
700,68
700,68
700,68
699,68
699,68
699,68
698,68
698,68
698,68
698,69
698,69
698,69
698,70
698,70
698,70
698,71
698,71
698,71
698,72
698,72
698,72
698,73
698,73
698,73
698,74
698,74
698,74
698,75
698,75
698,75
698,76
698,76
698,76
698,77
698,77
698,77
698,78
698,78
698,78
698,79
698,79
698,79
698,80
698,80
698,80
698,81
698,81
698,81
698,82
698,82
698,82
698,83
698,83
698,83
698,84
698,84
698,84
698,85
698,85
698,85
698,86
698,86
698,86
698,87
698,87
698,87
698,88
698,88
698,88
698,89
698,89
698,89
698,90
698,90
698,90
698,91
698,91
698,91
698,92
698,92
698,92
698,93
698,93
698,93
698,94
698,94
698,94
698,95
698,95
698,95
698,96
698,96
698,96
698,97
698,97
698,97
698,98
698,98
698,98
698,99
698,99
698,99
698,100
698,100
698,100
698,101
698,101
698,101
698,102
698,102
698,102
698,103
698,103
698,103
698,104
698,104
698,104
698,105
698,105
698,105
698,106
698,106
698,106
698,107
698,107
698,107
698,108
698,108
698,108
698,109
698,109
698,109
698,110
698,110
698,110
698,111
698,111
698,111
698,112
698,112
698,112
698,113
698,113
698,113
698,114
698,114
698,114
698,115
698,115
698,115
698,116
698,116
698,116
698,117
698,117
698,117
698,118
698,118
698,118
698,119
698,119
698,119
698,120
698,120
698,120
698,121
698,121
698,121
698,122
698,122
698,122
698,123
698,123
698,123
698,124
698,124
698,124
698,125
698,125
698,125
698,126
698,126
698,126
698,127
698,127
698,127
698,128
698,128
698,128
698,129
698,129
698,129
698,130
698,130
698,130
698,131
698,131
698,131
698,132
698,132
698,132
698,133
698,133
698,133
698,134
698,134
698,134
698,135
698,135
698,135
698,136
698,136
698,136
698,137
698,137
698,137
698,138
698,138
698,138
698,139
698,139
698,139
698,140
698,140
698,140
698,141
698,141
698,141
698,142
698,142
698,142
698,143
698,143
698,143
698,144
698,144
698,144
698,145
698,145
698,145
698,146
698,146
698,146
698,147
698,147
698,147
698,148
698,148
698,148
698,149
698,149
698,149
698,150
698,150
698,150
698,151
698,151
698,151
698,152
698,152
698,152
698,153
698,153
698,153
698,154
698,154
698,154
698,155
698,155
698,155
698,156
698,156
698,156
698,157
698,157
698,157
698,158
698,158
698,158
698,159
698,159
698,159
698,160
698,160
698,160
698,161
698,161
698,161
698,162
698,162
698,162
698,163
698,163
698,163
698,164
698,164
698,164
698,165
698,165
698,165
698,166
698,166
698,166
698,167
698,167
698,167
698,168
698,168
698,168
698,169
698,169
698,169
698,170
698,170
698,170
698,171
698,171
698,171
698,172
698,172
698,172
698,173
698,173
698,173
698,174
698,174
698,174
698,175
698,175
698,175
698,176
698,176
698,176
698,177
698,177
698,177
698,178
698,178
698,178
698,179
698,179
698,179
698,180
698,180
698,180
698,181
698,181
698,181
698,182
698,182
698,182
698,183
698,183
698,183
698,184
698,184
698,184
698,185
698,185
698,185
698,186
698,186
698,186
698,187
698,187
698,187
698,188
698,188
698,188
698,189
698,189
698,189
698,190
698,190
698,190
698,191
698,191
698,191
698,192
698,192
698,192
698,193
698,193
698,193
698,194
698,194
698,194
698,195
698,195
698,195
698,196
698,196
698,196
698,197
698,197
698,197
698,198
698,198
698,198
698,199
698,199
698,199
698,200
698,200
698,200
698,201
698,201
698,201
698,202
698,202
698,202
698,203
698,203
698,203
698,204
698,204
698,204
698,205
698,205
698,205
698,206
698,206
698,206
698,207
698,207
698,207
698,208
698,208
698,208
698,209
698,209
698,209
698,210
698,210
698,210
698,211
698,211
698,211
698,212
698,212
698,212
698,213
698,213
698,213
698,214
698,214
698,214
698,215
698,215
698,215
698,216
698,216
698,216
698,217
698,217
698,217
698,218
698,218
698,218
698,219
698,219
698,219
698,220
698,220
698,220
698,221
698,221
698,221
698,222
698,222
698,222
698,223
698,223
698,223
698,224
698,224
698,224
