6732
-50,493
-50,493
-50,493
-49,493
-49,493
-49,493
-48,493
-48,493
-48,493
-47,493
-47,493
-47,493
-46,493
-46,493
-46,493
-45,493
-45,493
-45,493
-44,493
-44,493
-44,493
-43,493
-43,493
-43,493
-42,493
-42,493
-42,493
-41,493
-41,493
-41,493
-40,493
-40,493
-40,493
-39,493
-39,493
-39,493
-38,493
-38,493
-38,493
-37,493
-37,493
-37,493
-36,493
-36,493
-36,493
-35,493
-35,493
-35,493
-34,493
-34,493
-34,493
-33,493
-33,493
-33,493
-32,493
-32,493
-32,493
-31,493
-31,493
-31,493
-30,493
-30,493
-30,493
-29,493
-29,493
-29,493
-28,493
-28,493
-28,493
-27,493
-27,493
-27,493
-26,493
-26,493
-26,493
-25,493
-25,493
-25,493
-24,493
-24,493
-24,493
-23,493
-23,493
-23,493
-22,493
-22,493
-22,493
-21,493
-21,493
-21,493
-20,493
-20,493
-20,493
-19,493
-19,493
-19,493
-18,493
-18,493
-18,493
-17,493
-17,493
-17,493
-16,493
-16,493
-16,493
-15,493
-15,493
-15,493
-14,493
-14,493
-14,493
-13,493
-13,493
-13,493
-12,493
-12,493
-12,493
-11,493
-11,493
-11,493
-10,493
-10,493
-10,493
-9,493
-9,493
-9,493
-8,493
-8,493
-8,493
-7,493
-7,493
-7,493
-6,493
-6,493
-6,493
-5,493
-5,493
-5,493
-4,493
-4,493
-4,493
-3,493
-3,493
-3,493
-2,493
-2,493
-2,493
-1,493
-1,493
-1,493
0,493
0,493
0,493
1,493
1,493
1,493
2,493
2,493
2,493
3,493
3,493
3,493
4,493
4,493
4,493
5,493
5,493
5,493
6,493
6,493
6,493
7,493
7,493
7,493
8,493
8,493
8,493
9,493
9,493
9,493
10,493
10,493
10,493
11,493
11,493
11,493
12,493
12,493
12,493
13,493
13,493
13,493
14,493
14,493
14,493
15,493
15,493
15,493
16,493
16,493
16,493
17,493
17,493
17,493
18,493
18,493
18,493
19,493
19,493
19,493
20,493
20,493
20,493
21,493
21,493
21,493
22,493
22,493
22,493
23,493
23,493
23,493
24,493
24,493
24,493
25,493
25,493
25,493
26,493
26,493
26,493
27,493
27,493
27,493
28,493
28,493
28,493
29,493
29,493
29,493
30,493
30,493
30,493
31,493
31,493
31,493
32,493
32,493
32,493
33,493
33,493
33,493
34,493
34,493
34,493
35,493
35,493
35,493
36,493
36,493
36,493
37,493
37,493
37,493
38,493
38,493
38,493
39,493
39,493
39,493
40,493
40,493
40,493
41,493
41,493
41,493
42,493
42,493
42,493
43,493
43,493
43,493
44,493
44,493
44,493
45,493
45,493
45,493
46,493
46,493
46,493
47,493
47,493
47,493
48,493
48,493
48,493
49,493
49,493
49,493
50,493
50,493
50,493
51,493
51,493
51,493
52,493
52,493
52,493
53,493
53,493
53,493
54,493
54,493
54,493
55,493
55,493
55,493
56,493
56,493
56,493
57,493
57,493
57,493
58,493
58,493
58,493
59,493
59,493
59,493
60,493
60,493
60,493
61,493
61,493
61,493
62,493
62,493
62,493
63,493
63,493
63,493
64,493
64,493
64,493
65,493
65,493
65,493
66,493
66,493
66,493
67,493
67,493
67,493
68,493
68,493
68,493
69,493
69,493
69,493
70,493
70,493
70,493
71,493
71,493
71,493
72,493
72,493
72,493
73,493
73,493
73,493
74,493
74,493
74,493
75,493
75,493
75,493
76,493
76,493
76,493
77,493
77,493
77,493
78,493
78,493
78,493
79,493
79,493
79,493
80,493
80,493
80,493
81,493
81,493
81,493
82,493
82,493
82,493
83,493
83,493
83,493
84,493
84,493
84,493
85,493
85,493
85,493
86,493
86,493
86,493
87,493
87,493
87,493
88,493
88,493
88,493
89,493
89,493
89,493
90,493
90,493
90,493
91,493
91,493
91,493
92,493
92,493
92,493
93,493
93,493
93,493
94,493
94,493
94,493
95,493
95,493
95,493
96,493
96,493
96,493
97,493
97,493
97,493
98,493
98,493
98,493
99,493
99,493
99,493
100,493
100,493
100,493
101,493
101,493
101,493
102,493
102,493
102,493
103,493
103,493
103,493
104,493
104,493
104,493
105,493
105,493
105,493
106,493
106,493
106,493
107,493
107,493
107,493
108,493
108,493
108,493
109,493
109,493
109,493
110,493
110,493
110,493
111,493
111,493
111,493
112,493
112,493
112,493
113,493
113,493
113,493
114,493
114,493
114,493
115,493
115,493
115,493
116,493
116,493
116,493
117,493
117,493
117,493
118,493
118,493
118,493
119,493
119,493
119,493
120,493
120,493
120,493
121,493
121,493
121,493
122,493
122,493
122,493
123,493
123,493
123,493
124,493
124,493
124,493
125,493
125,493
125,493
126,493
126,493
126,493
127,493
127,493
127,493
128,493
128,493
128,493
129,493
129,493
129,493
130,493
130,493
130,493
131,493
131,493
131,493
132,493
132,493
132,493
133,493
133,493
133,493
134,493
134,493
134,493
135,493
135,493
135,493
136,493
136,493
136,493
137,493
137,493
137,493
138,493
138,493
138,493
139,493
139,493
139,493
140,493
140,493
140,493
141,493
141,493
141,493
142,493
142,493
142,493
143,493
143,493
143,493
144,493
144,493
144,493
145,493
145,493
145,493
146,493
146,493
146,493
147,493
147,493
147,493
148,493
148,493
148,493
149,493
149,493
149,493
150,493
150,493
150,493
151,493
151,493
151,493
152,493
152,493
152,493
153,493
153,493
153,493
154,493
154,493
154,493
155,493
155,493
155,493
156,493
156,493
156,493
157,493
157,493
157,493
158,493
158,493
158,493
159,493
159,493
159,493
160,493
160,493
160,493
161,493
161,493
161,493
162,493
162,493
162,493
163,493
163,493
163,493
164,493
164,493
164,493
165,493
165,493
165,493
166,493
166,493
166,493
167,493
167,493
167,493
168,493
168,493
168,493
169,493
169,493
169,493
170,493
170,493
170,493
171,493
171,493
171,493
172,493
172,493
172,493
173,493
173,493
173,493
174,493
174,493
174,493
175,493
175,493
175,493
176,493
176,493
176,493
177,493
177,493
177,493
178,493
178,493
178,493
179,493
179,493
179,493
180,493
180,493
180,493
181,493
181,493
181,493
182,493
182,493
182,493
183,493
183,493
183,493
184,493
184,493
184,493
185,493
185,493
185,493
186,493
186,493
186,493
187,493
187,493
187,493
188,493
188,493
188,493
189,493
189,493
189,493
190,493
190,493
190,493
191,493
191,493
191,493
192,493
192,493
192,493
193,493
193,493
193,493
194,493
194,493
194,493
195,493
195,493
195,493
196,493
196,493
196,493
197,493
197,493
197,493
198,493
198,493
198,493
199,493
199,493
199,493
200,493
200,493
200,493
201,493
201,493
201,493
202,493
202,493
202,493
203,493
203,493
203,493
204,493
204,493
204,493
205,493
205,493
205,493
206,493
206,493
206,493
207,493
207,493
207,493
208,493
208,493
208,493
209,493
209,493
209,493
210,493
210,493
210,493
211,493
211,493
211,493
212,493
212,493
212,493
213,493
213,493
213,493
214,493
214,493
214,493
215,493
215,493
215,493
216,493
216,493
216,493
217,493
217,493
217,493
218,493
218,493
218,493
219,493
219,493
219,493
220,493
220,493
220,493
221,493
221,493
221,493
222,493
222,493
222,493
223,493
223,493
223,493
224,493
224,493
224,493
225,493
225,493
225,493
226,493
226,493
226,493
227,493
227,493
227,493
228,493
228,493
228,493
229,493
229,493
229,493
230,493
230,493
230,493
231,493
231,493
231,493
232,493
232,493
232,493
233,493
233,493
233,493
234,493
234,493
234,493
235,493
235,493
235,493
236,493
236,493
236,493
237,493
237,493
237,493
238,493
238,493
238,493
239,493
239,493
239,493
240,493
240,493
240,493
241,493
241,493
241,493
242,493
242,493
242,493
243,493
243,493
243,493
244,493
244,493
244,493
245,493
245,493
245,493
246,493
246,493
246,493
247,493
247,493
247,493
248,493
248,493
248,493
249,493
249,493
249,493
250,493
250,493
250,493
251,493
251,493
251,493
252,493
252,493
252,493
253,493
253,493
253,493
254,493
254,493
254,493
255,493
255,493
255,493
256,493
256,493
256,493
257,493
257,493
257,493
258,493
258,493
258,493
259,493
259,493
259,493
260,493
260,493
260,493
261,493
261,493
261,493
262,493
262,493
262,493
263,493
263,493
263,493
264,493
264,493
264,493
265,493
265,493
265,493
266,493
266,493
266,493
267,493
267,493
267,493
268,493
268,493
268,493
269,493
269,493
269,493
270,493
270,493
270,493
271,493
271,493
271,493
272,493
272,493
272,493
273,493
273,493
273,493
274,493
274,493
274,493
275,493
275,493
275,493
276,493
276,493
276,493
277,493
277,493
277,493
278,493
278,493
278,493
279,493
279,493
279,493
280,493
280,493
280,493
281,493
281,493
281,493
282,493
282,493
282,493
283,493
283,493
283,493
284,493
284,493
284,493
285,493
285,493
285,493
286,493
286,493
286,493
287,493
287,493
287,493
288,493
288,493
288,493
289,493
289,493
289,493
290,493
290,493
290,493
291,493
291,493
291,493
292,493
292,493
292,493
293,493
293,493
293,493
294,493
294,493
294,493
295,493
295,493
295,493
296,493
296,493
296,493
297,493
297,493
297,493
298,493
298,493
298,493
299,493
299,493
299,493
300,493
300,493
300,493
301,493
301,493
301,493
302,493
302,493
302,493
303,493
303,493
303,493
304,493
304,493
304,493
305,493
305,493
305,493
306,493
306,493
306,493
307,493
307,493
307,493
308,493
308,493
308,493
309,493
309,493
309,493
310,493
310,493
310,493
311,493
311,493
311,493
312,493
312,493
312,493
313,493
313,493
313,493
314,493
314,493
314,493
315,493
315,493
315,493
316,493
316,493
316,493
317,493
317,493
317,493
318,493
318,493
318,493
319,493
319,493
319,493
320,493
320,493
320,493
321,493
321,493
321,493
322,493
322,493
322,493
323,493
323,493
323,493
324,493
324,493
324,493
325,493
325,493
325,493
326,493
326,493
326,493
327,493
327,493
327,493
328,493
328,493
328,493
329,493
329,493
329,493
330,493
330,493
330,493
331,493
331,493
331,493
332,493
332,493
332,493
333,493
333,493
333,493
334,493
334,493
334,493
335,493
335,493
335,493
336,493
336,493
336,493
337,493
337,493
337,493
338,493
338,493
338,493
339,493
339,493
339,493
340,493
340,493
340,493
341,493
341,493
341,493
342,493
342,493
342,493
343,493
343,493
343,493
344,493
344,493
344,493
345,493
345,493
345,493
346,493
346,493
346,493
347,493
347,493
347,493
348,493
348,493
348,493
349,493
349,493
349,493
350,493
350,493
350,493
351,493
351,493
351,493
352,493
352,493
352,493
353,493
353,493
353,493
354,493
354,493
354,493
355,493
355,493
355,493
356,493
356,493
356,493
357,493
357,493
357,493
358,493
358,493
358,493
359,493
359,493
359,493
360,493
360,493
360,493
361,493
361,493
361,493
362,493
362,493
362,493
363,493
363,493
363,493
364,493
364,493
364,493
365,493
365,493
365,493
366,493
366,493
366,493
367,493
367,493
367,493
368,493
368,493
368,493
369,493
369,493
369,493
370,493
370,493
370,493
371,493
371,493
371,493
372,493
372,493
372,493
373,493
373,493
373,493
374,493
374,493
374,493
375,493
375,493
375,493
376,493
376,493
376,493
377,493
377,493
377,493
378,493
378,493
378,493
379,493
379,493
379,493
380,493
380,493
380,493
381,493
381,493
381,493
382,493
382,493
382,493
383,493
383,493
383,493
384,493
384,493
384,493
385,493
385,493
385,493
386,493
386,493
386,493
387,493
387,493
387,493
388,493
388,493
388,493
389,493
389,493
389,493
390,493
390,493
390,493
391,493
391,493
391,493
392,493
392,493
392,493
393,493
393,493
393,493
394,493
394,493
394,493
395,493
395,493
395,493
396,493
396,493
396,493
397,493
397,493
397,493
398,493
398,493
398,493
399,493
399,493
399,493
400,493
400,493
400,493
401,493
401,493
401,493
402,493
402,493
402,493
403,493
403,493
403,493
404,493
404,493
404,493
405,493
405,493
405,493
406,493
406,493
406,493
407,493
407,493
407,493
408,493
408,493
408,493
409,493
409,493
409,493
410,493
410,493
410,493
411,493
411,493
411,493
412,493
412,493
412,493
413,493
413,493
413,493
414,493
414,493
414,493
415,493
415,493
415,493
416,493
416,493
416,493
417,493
417,493
417,493
418,493
418,493
418,493
419,493
419,493
419,493
420,493
420,493
420,493
421,493
421,493
421,493
422,493
422,493
422,493
423,493
423,493
423,493
424,493
424,493
424,493
425,493
425,493
425,493
426,493
426,493
426,493
427,493
427,493
427,493
428,493
428,493
428,493
429,493
429,493
429,493
430,493
430,493
430,493
431,493
431,493
431,493
432,493
432,493
432,493
433,493
433,493
433,493
434,493
434,493
434,493
435,493
435,493
435,493
436,493
436,493
436,493
437,493
437,493
437,493
438,493
438,493
438,493
439,493
439,493
439,493
440,493
440,493
440,493
441,493
441,493
441,493
442,493
442,493
442,493
443,493
443,493
443,493
444,493
444,493
444,493
445,493
445,493
445,493
446,493
446,493
446,493
447,493
447,493
447,493
448,493
448,493
448,493
449,493
449,493
449,493
450,493
450,493
450,493
451,493
451,493
451,493
452,493
452,493
452,493
453,493
453,493
453,493
454,493
454,493
454,493
455,493
455,493
455,493
456,493
456,493
456,493
457,493
457,493
457,493
458,493
458,493
458,493
459,493
459,493
459,493
460,493
460,493
460,493
461,493
461,493
461,493
462,493
462,493
462,493
463,493
463,493
463,493
464,493
464,493
464,493
465,493
465,493
465,493
466,493
466,493
466,493
467,493
467,493
467,493
468,493
468,493
468,493
469,493
469,493
469,493
469,492
469,492
469,492
469,491
469,491
469,491
469,490
469,490
469,490
469,489
469,489
469,489
469,488
469,488
469,488
469,487
469,487
469,487
469,486
469,486
469,486
469,485
469,485
469,485
469,484
469,484
469,484
469,483
469,483
469,483
469,482
469,482
469,482
469,481
469,481
469,481
469,480
469,480
469,480
469,479
469,479
469,479
469,478
469,478
469,478
469,477
469,477
469,477
469,476
469,476
469,476
469,475
469,475
469,475
469,474
469,474
469,474
469,473
469,473
469,473
469,472
469,472
469,472
469,471
469,471
469,471
469,470
469,470
469,470
469,469
469,469
469,469
469,468
469,468
469,468
469,467
469,467
469,467
469,466
469,466
469,466
469,465
469,465
469,465
469,464
469,464
469,464
469,463
469,463
469,463
469,462
469,462
469,462
469,461
469,461
469,461
469,460
469,460
469,460
469,459
469,459
469,459
469,458
469,458
469,458
469,457
469,457
469,457
469,456
469,456
469,456
469,455
469,455
469,455
469,454
469,454
469,454
469,453
469,453
469,453
469,452
469,452
469,452
469,451
469,451
469,451
469,450
469,450
469,450
469,449
469,449
469,449
469,448
469,448
469,448
469,447
469,447
469,447
469,446
469,446
469,446
469,445
469,445
469,445
469,444
469,444
469,444
469,443
469,443
469,443
469,442
469,442
469,442
469,441
469,441
469,441
469,440
469,440
469,440
469,439
469,439
469,439
469,438
469,438
469,438
469,437
469,437
469,437
469,436
469,436
469,436
469,435
469,435
469,435
469,434
469,434
469,434
469,433
469,433
469,433
469,432
469,432
469,432
469,431
469,431
469,431
469,430
469,430
469,430
469,429
469,429
469,429
469,428
469,428
469,428
469,427
469,427
469,427
469,426
469,426
469,426
469,425
469,425
469,425
469,424
469,424
469,424
469,423
469,423
469,423
469,422
469,422
469,422
469,421
469,421
469,421
469,420
469,420
469,420
469,419
469,419
469,419
469,418
469,418
469,418
469,417
469,417
469,417
469,416
469,416
469,416
469,415
469,415
469,415
469,414
469,414
469,414
469,413
469,413
469,413
469,412
469,412
469,412
469,411
469,411
469,411
469,410
469,410
469,410
469,409
469,409
469,409
469,408
469,408
469,408
469,407
469,407
469,407
469,406
469,406
469,406
469,405
469,405
469,405
469,404
469,404
469,404
469,403
469,403
469,403
469,402
469,402
469,402
469,401
469,401
469,401
469,400
469,400
469,400
469,399
469,399
469,399
469,398
469,398
469,398
469,397
469,397
469,397
469,396
469,396
469,396
469,395
469,395
469,395
469,394
469,394
469,394
469,393
469,393
469,393
469,392
469,392
469,392
469,391
469,391
469,391
469,390
469,390
469,390
469,389
469,389
469,389
469,388
469,388
469,388
469,387
469,387
469,387
469,386
469,386
469,386
469,385
469,385
469,385
469,384
469,384
469,384
469,383
469,383
469,383
469,382
469,382
469,382
469,381
469,381
469,381
469,380
469,380
469,380
469,379
469,379
469,379
469,378
469,378
469,378
469,377
469,377
469,377
469,376
469,376
469,376
469,375
469,375
469,375
469,374
469,374
469,374
469,373
469,373
469,373
469,372
469,372
469,372
469,371
469,371
469,371
469,370
469,370
469,370
469,369
469,369
469,369
469,368
469,368
469,368
469,367
469,367
469,367
469,366
469,366
469,366
469,365
469,365
469,365
469,364
469,364
469,364
469,363
469,363
469,363
469,362
469,362
469,362
469,361
469,361
469,361
469,360
469,360
469,360
469,359
469,359
469,359
469,358
469,358
469,358
469,357
469,357
469,357
469,356
469,356
469,356
469,355
469,355
469,355
469,354
469,354
469,354
469,353
469,353
469,353
469,352
469,352
469,352
469,351
469,351
469,351
469,350
469,350
469,350
469,349
469,349
469,349
469,348
469,348
469,348
469,347
469,347
469,347
469,346
469,346
469,346
469,345
469,345
469,345
469,344
469,344
469,344
469,343
469,343
469,343
469,342
469,342
469,342
469,341
469,341
469,341
469,340
469,340
469,340
469,339
469,339
469,339
469,338
469,338
469,338
469,337
469,337
469,337
469,336
469,336
469,336
469,335
469,335
469,335
469,334
469,334
469,334
469,333
469,333
469,333
469,332
469,332
469,332
469,331
469,331
469,331
469,330
469,330
469,330
469,329
469,329
469,329
469,328
469,328
469,328
469,327
469,327
469,327
469,326
469,326
469,326
469,325
469,325
469,325
469,324
469,324
469,324
469,323
469,323
469,323
469,322
469,322
469,322
469,321
469,321
469,321
469,320
469,320
469,320
469,319
469,319
469,319
469,318
469,318
469,318
469,317
469,317
469,317
469,316
469,316
469,316
469,315
469,315
469,315
469,314
469,314
469,314
469,313
469,313
469,313
469,312
469,312
469,312
469,311
469,311
469,311
469,310
469,310
469,310
469,309
469,309
469,309
469,308
469,308
469,308
469,307
469,307
469,307
469,306
469,306
469,306
469,305
469,305
469,305
469,304
469,304
469,304
469,303
469,303
469,303
469,302
469,302
469,302
469,301
469,301
469,301
469,300
469,300
469,300
469,299
469,299
469,299
469,298
469,298
469,298
469,297
469,297
469,297
470,297
470,297
470,297
471,297
471,297
471,297
472,297
472,297
472,297
473,297
473,297
473,297
474,297
474,297
474,297
475,297
475,297
475,297
476,297
476,297
476,297
477,297
477,297
477,297
478,297
478,297
478,297
479,297
479,297
479,297
480,297
480,297
480,297
481,297
481,297
481,297
482,297
482,297
482,297
483,297
483,297
483,297
484,297
484,297
484,297
485,297
485,297
485,297
486,297
486,297
486,297
487,297
487,297
487,297
488,297
488,297
488,297
489,297
489,297
489,297
490,297
490,297
490,297
491,297
491,297
491,297
492,297
492,297
492,297
493,297
493,297
493,297
494,297
494,297
494,297
495,297
495,297
495,297
496,297
496,297
496,297
497,297
497,297
497,297
498,297
498,297
498,297
499,297
499,297
499,297
500,297
500,297
500,297
501,297
501,297
501,297
502,297
502,297
502,297
503,297
503,297
503,297
504,297
504,297
504,297
505,297
505,297
505,297
506,297
506,297
506,297
507,297
507,297
507,297
508,297
508,297
508,297
509,297
509,297
509,297
510,297
510,297
510,297
511,297
511,297
511,297
512,297
512,297
512,297
513,297
513,297
513,297
514,297
514,297
514,297
515,297
515,297
515,297
516,297
516,297
516,297
517,297
517,297
517,297
518,297
518,297
518,297
519,297
519,297
519,297
520,297
520,297
520,297
521,297
521,297
521,297
522,297
522,297
522,297
523,297
523,297
523,297
524,297
524,297
524,297
525,297
525,297
525,297
526,297
526,297
526,297
527,297
527,297
527,297
528,297
528,297
528,297
529,297
529,297
529,297
530,297
530,297
530,297
531,297
531,297
531,297
532,297
532,297
532,297
533,297
533,297
533,297
534,297
534,297
534,297
535,297
535,297
535,297
536,297
536,297
536,297
537,297
537,297
537,297
538,297
538,297
538,297
539,297
539,297
539,297
540,297
540,297
540,297
541,297
541,297
541,297
542,297
542,297
542,297
543,297
543,297
543,297
544,297
544,297
544,297
545,297
545,297
545,297
546,297
546,297
546,297
547,297
547,297
547,297
548,297
548,297
548,297
549,297
549,297
549,297
550,297
550,297
550,297
551,297
551,297
551,297
552,297
552,297
552,297
553,297
553,297
553,297
554,297
554,297
554,297
555,297
555,297
555,297
556,297
556,297
556,297
557,297
557,297
557,297
558,297
558,297
558,297
559,297
559,297
559,297
560,297
560,297
560,297
561,297
561,297
561,297
562,297
562,297
562,297
563,297
563,297
563,297
564,297
564,297
564,297
565,297
565,297
565,297
566,297
566,297
566,297
567,297
567,297
567,297
568,297
568,297
568,297
569,297
569,297
569,297
570,297
570,297
570,297
571,297
571,297
571,297
572,297
572,297
572,297
573,297
573,297
573,297
574,297
574,297
574,297
575,297
575,297
575,297
576,297
576,297
576,297
577,297
577,297
577,297
578,297
578,297
578,297
579,297
579,297
579,297
580,297
580,297
580,297
581,297
581,297
581,297
582,297
582,297
582,297
583,297
583,297
583,297
584,297
584,297
584,297
585,297
585,297
585,297
586,297
586,297
586,297
587,297
587,297
587,297
588,297
588,297
588,297
589,297
589,297
589,297
590,297
590,297
590,297
591,297
591,297
591,297
592,297
592,297
592,297
593,297
593,297
593,297
594,297
594,297
594,297
595,297
595,297
595,297
596,297
596,297
596,297
597,297
597,297
597,297
598,297
598,297
598,297
599,297
599,297
599,297
600,297
600,297
600,297
601,297
601,297
601,297
602,297
602,297
602,297
603,297
603,297
603,297
604,297
604,297
604,297
605,297
605,297
605,297
606,297
606,297
606,297
607,297
607,297
607,297
608,297
608,297
608,297
609,297
609,297
609,297
610,297
610,297
610,297
611,297
611,297
611,297
612,297
612,297
612,297
613,297
613,297
613,297
614,297
614,297
614,297
615,297
615,297
615,297
616,297
616,297
616,297
617,297
617,297
617,297
618,297
618,297
618,297
619,297
619,297
619,297
620,297
620,297
620,297
621,297
621,297
621,297
622,297
622,297
622,297
623,297
623,297
623,297
624,297
624,297
624,297
625,297
625,297
625,297
626,297
626,297
626,297
627,297
627,297
627,297
628,297
628,297
628,297
629,297
629,297
629,297
630,297
630,297
630,297
631,297
631,297
631,297
632,297
632,297
632,297
633,297
633,297
633,297
634,297
634,297
634,297
635,297
635,297
635,297
636,297
636,297
636,297
637,297
637,297
637,297
638,297
638,297
638,297
639,297
639,297
639,297
640,297
640,297
640,297
641,297
641,297
641,297
642,297
642,297
642,297
643,297
643,297
643,297
644,297
644,297
644,297
645,297
645,297
645,297
646,297
646,297
646,297
647,297
647,297
647,297
648,297
648,297
648,297
649,297
649,297
649,297
650,297
650,297
650,297
651,297
651,297
651,297
652,297
652,297
652,297
653,297
653,297
653,297
654,297
654,297
654,297
655,297
655,297
655,297
656,297
656,297
656,297
657,297
657,297
657,297
658,297
658,297
658,297
659,297
659,297
659,297
660,297
660,297
660,297
661,297
661,297
661,297
662,297
662,297
662,297
663,297
663,297
663,297
664,297
664,297
664,297
665,297
665,297
665,297
666,297
666,297
666,297
667,297
667,297
667,297
668,297
668,297
668,297
669,297
669,297
669,297
670,297
670,297
670,297
671,297
671,297
671,297
672,297
672,297
672,297
673,297
673,297
673,297
674,297
674,297
674,297
675,297
675,297
675,297
676,297
676,297
676,297
677,297
677,297
677,297
678,297
678,297
678,297
679,297
679,297
679,297
680,297
680,297
680,297
681,297
681,297
681,297
682,297
682,297
682,297
683,297
683,297
683,297
684,297
684,297
684,297
685,297
685,297
685,297
686,297
686,297
686,297
687,297
687,297
687,297
688,297
688,297
688,297
689,297
689,297
689,297
690,297
690,297
690,297
691,297
691,297
691,297
692,297
692,297
692,297
693,297
693,297
693,297
694,297
694,297
694,297
695,297
695,297
695,297
696,297
696,297
696,297
696,298
696,298
696,298
696,299
696,299
696,299
696,300
696,300
696,300
696,301
696,301
696,301
696,302
696,302
696,302
696,303
696,303
696,303
696,304
696,304
696,304
696,305
696,305
696,305
696,306
696,306
696,306
696,307
696,307
696,307
696,308
696,308
696,308
696,309
696,309
696,309
696,310
696,310
696,310
696,311
696,311
696,311
696,312
696,312
696,312
696,313
696,313
696,313
696,314
696,314
696,314
696,315
696,315
696,315
696,316
696,316
696,316
696,317
696,317
696,317
696,318
696,318
696,318
696,319
696,319
696,319
696,320
696,320
696,320
696,321
696,321
696,321
696,322
696,322
696,322
696,323
696,323
696,323
696,324
696,324
696,324
696,325
696,325
696,325
696,326
696,326
696,326
696,327
696,327
696,327
696,328
696,328
696,328
696,329
696,329
696,329
696,330
696,330
696,330
696,331
696,331
696,331
696,332
696,332
696,332
696,333
696,333
696,333
696,334
696,334
696,334
696,335
696,335
696,335
696,336
696,336
696,336
696,337
696,337
696,337
696,338
696,338
696,338
696,339
696,339
696,339
696,340
696,340
696,340
696,341
696,341
696,341
696,342
696,342
696,342
696,343
696,343
696,343
696,344
696,344
696,344
696,345
696,345
696,345
696,346
696,346
696,346
696,347
696,347
696,347
696,348
696,348
696,348
696,349
696,349
696,349
696,350
696,350
696,350
696,351
696,351
696,351
696,352
696,352
696,352
696,353
696,353
696,353
696,354
696,354
696,354
696,355
696,355
696,355
696,356
696,356
696,356
696,357
696,357
696,357
696,358
696,358
696,358
696,359
696,359
696,359
696,360
696,360
696,360
696,361
696,361
696,361
696,362
696,362
696,362
696,363
696,363
696,363
696,364
696,364
696,364
696,365
696,365
696,365
696,366
696,366
696,366
696,367
696,367
696,367
696,368
696,368
696,368
696,369
696,369
696,369
696,370
696,370
696,370
696,371
696,371
696,371
696,372
696,372
696,372
696,373
696,373
696,373
696,374
696,374
696,374
696,375
696,375
696,375
696,376
696,376
696,376
696,377
696,377
696,377
696,378
696,378
696,378
696,379
696,379
696,379
696,380
696,380
696,380
696,381
696,381
696,381
696,382
696,382
696,382
696,383
696,383
696,383
696,384
696,384
696,384
696,385
696,385
696,385
696,386
696,386
696,386
696,387
696,387
696,387
696,388
696,388
696,388
696,389
696,389
696,389
696,390
696,390
696,390
696,391
696,391
696,391
696,392
696,392
696,392
696,393
696,393
696,393
696,394
696,394
696,394
696,395
696,395
696,395
696,396
696,396
696,396
696,397
696,397
696,397
696,398
696,398
696,398
696,399
696,399
696,399
696,400
696,400
696,400
696,401
696,401
696,401
696,402
696,402
696,402
696,403
696,403
696,403
696,404
696,404
696,404
696,405
696,405
696,405
696,406
696,406
696,406
696,407
696,407
696,407
696,408
696,408
696,408
696,409
696,409
696,409
696,410
696,410
696,410
696,411
696,411
696,411
696,412
696,412
696,412
696,413
696,413
696,413
696,414
696,414
696,414
696,415
696,415
696,415
696,416
696,416
696,416
696,417
696,417
696,417
696,418
696,418
696,418
696,419
696,419
696,419
696,420
696,420
696,420
696,421
696,421
696,421
696,422
696,422
696,422
696,423
696,423
696,423
696,424
696,424
696,424
696,425
696,425
696,425
696,426
696,426
696,426
696,427
696,427
696,427
696,428
696,428
696,428
696,429
696,429
696,429
696,430
696,430
696,430
696,431
696,431
696,431
696,432
696,432
696,432
696,433
696,433
696,433
696,434
696,434
696,434
696,435
696,435
696,435
696,436
696,436
696,436
696,437
696,437
696,437
696,438
696,438
696,438
696,439
696,439
696,439
696,440
696,440
696,440
696,441
696,441
696,441
696,442
696,442
696,442
696,443
696,443
696,443
696,444
696,444
696,444
696,445
696,445
696,445
696,446
696,446
696,446
696,447
696,447
696,447
696,448
696,448
696,448
696,449
696,449
696,449
696,450
696,450
696,450
696,451
696,451
696,451
696,452
696,452
696,452
696,453
696,453
696,453
696,454
696,454
696,454
696,455
696,455
696,455
696,456
696,456
696,456
696,457
696,457
696,457
696,458
696,458
696,458
696,459
696,459
696,459
696,460
696,460
696,460
696,461
696,461
696,461
696,462
696,462
696,462
696,463
696,463
696,463
696,464
696,464
696,464
696,465
696,465
696,465
696,466
696,466
696,466
696,467
696,467
696,467
696,468
696,468
696,468
696,469
696,469
696,469
696,470
696,470
696,470
696,471
696,471
696,471
696,472
696,472
696,472
696,473
696,473
696,473
696,474
696,474
696,474
696,475
696,475
696,475
696,476
696,476
696,476
696,477
696,477
696,477
696,478
696,478
696,478
696,479
696,479
696,479
696,480
696,480
696,480
696,481
696,481
696,481
697,481
697,481
697,481
698,481
698,481
698,481
699,481
699,481
699,481
700,481
700,481
700,481
701,481
701,481
701,481
702,481
702,481
702,481
703,481
703,481
703,481
704,481
704,481
704,481
705,481
705,481
705,481
706,481
706,481
706,481
707,481
707,481
707,481
708,481
708,481
708,481
709,481
709,481
709,481
710,481
710,481
710,481
711,481
711,481
711,481
712,481
712,481
712,481
713,481
713,481
713,481
714,481
714,481
714,481
715,481
715,481
715,481
716,481
716,481
716,481
717,481
717,481
717,481
718,481
718,481
718,481
719,481
719,481
719,481
720,481
720,481
720,481
721,481
721,481
721,481
722,481
722,481
722,481
723,481
723,481
723,481
724,481
724,481
724,481
725,481
725,481
725,481
726,481
726,481
726,481
727,481
727,481
727,481
728,481
728,481
728,481
729,481
729,481
729,481
730,481
730,481
730,481
731,481
731,481
731,481
732,481
732,481
732,481
733,481
733,481
733,481
734,481
734,481
734,481
735,481
735,481
735,481
736,481
736,481
736,481
737,481
737,481
737,481
738,481
738,481
738,481
739,481
739,481
739,481
740,481
740,481
740,481
741,481
741,481
741,481
742,481
742,481
742,481
743,481
743,481
743,481
744,481
744,481
744,481
745,481
745,481
745,481
746,481
746,481
746,481
747,481
747,481
747,481
748,481
748,481
748,481
749,481
749,481
749,481
750,481
750,481
750,481
751,481
751,481
751,481
752,481
752,481
752,481
753,481
753,481
753,481
754,481
754,481
754,481
755,481
755,481
755,481
756,481
756,481
756,481
757,481
757,481
757,481
758,481
758,481
758,481
759,481
759,481
759,481
760,481
760,481
760,481
761,481
761,481
761,481
762,481
762,481
762,481
763,481
763,481
763,481
764,481
764,481
764,481
765,481
765,481
765,481
766,481
766,481
766,481
767,481
767,481
767,481
768,481
768,481
768,481
769,481
769,481
769,481
770,481
770,481
770,481
771,481
771,481
771,481
772,481
772,481
772,481
773,481
773,481
773,481
774,481
774,481
774,481
775,481
775,481
775,481
776,481
776,481
776,481
777,481
777,481
777,481
778,481
778,481
778,481
779,481
779,481
779,481
780,481
780,481
780,481
781,481
781,481
781,481
782,481
782,481
782,481
783,481
783,481
783,481
784,481
784,481
784,481
785,481
785,481
785,481
786,481
786,481
786,481
787,481
787,481
787,481
788,481
788,481
788,481
789,481
789,481
789,481
790,481
790,481
790,481
791,481
791,481
791,481
792,481
792,481
792,481
793,481
793,481
793,481
794,481
794,481
794,481
795,481
795,481
795,481
796,481
796,481
796,481
797,481
797,481
797,481
798,481
798,481
798,481
799,481
799,481
799,481
800,481
800,481
800,481
801,481
801,481
801,481
802,481
802,481
802,481
803,481
803,481
803,481
804,481
804,481
804,481
805,481
805,481
805,481
806,481
806,481
806,481
807,481
807,481
807,481
808,481
808,481
808,481
809,481
809,481
809,481
810,481
810,481
810,481
811,481
811,481
811,481
812,481
812,481
812,481
813,481
813,481
813,481
814,481
814,481
814,481
815,481
815,481
815,481
816,481
816,481
816,481
817,481
817,481
817,481
818,481
818,481
818,481
819,481
819,481
819,481
820,481
820,481
820,481
821,481
821,481
821,481
822,481
822,481
822,481
823,481
823,481
823,481
824,481
824,481
824,481
825,481
825,481
825,481
826,481
826,481
826,481
827,481
827,481
827,481
828,481
828,481
828,481
829,481
829,481
829,481
830,481
830,481
830,481
831,481
831,481
831,481
832,481
832,481
832,481
833,481
833,481
833,481
834,481
834,481
834,481
835,481
835,481
835,481
836,481
836,481
836,481
837,481
837,481
837,481
838,481
838,481
838,481
839,481
839,481
839,481
840,481
840,481
840,481
841,481
841,481
841,481
842,481
842,481
842,481
843,481
843,481
843,481
844,481
844,481
844,481
845,481
845,481
845,481
846,481
846,481
846,481
847,481
847,481
847,481
848,481
848,481
848,481
849,481
849,481
849,481
850,481
850,481
850,481
851,481
851,481
851,481
852,481
852,481
852,481
853,481
853,481
853,481
854,481
854,481
854,481
855,481
855,481
855,481
856,481
856,481
856,481
857,481
857,481
857,481
858,481
858,481
858,481
859,481
859,481
859,481
860,481
860,481
860,481
861,481
861,481
861,481
862,481
862,481
862,481
863,481
863,481
863,481
864,481
864,481
864,481
865,481
865,481
865,481
866,481
866,481
866,481
867,481
867,481
867,481
868,481
868,481
868,481
869,481
869,481
869,481
870,481
870,481
870,481
871,481
871,481
871,481
872,481
872,481
872,481
873,481
873,481
873,481
874,481
874,481
874,481
875,481
875,481
875,481
876,481
876,481
876,481
877,481
877,481
877,481
878,481
878,481
878,481
879,481
879,481
879,481
880,481
880,481
880,481
881,481
881,481
881,481
882,481
882,481
882,481
883,481
883,481
883,481
884,481
884,481
884,481
885,481
885,481
885,481
886,481
886,481
886,481
887,481
887,481
887,481
888,481
888,481
888,481
889,481
889,481
889,481
890,481
890,481
890,481
891,481
891,481
891,481
892,481
892,481
892,481
893,481
893,481
893,481
894,481
894,481
894,481
895,481
895,481
895,481
896,481
896,481
896,481
897,481
897,481
897,481
898,481
898,481
898,481
899,481
899,481
899,481
900,481
900,481
900,481
901,481
901,481
901,481
902,481
902,481
902,481
903,481
903,481
903,481
904,481
904,481
904,481
905,481
905,481
905,481
906,481
906,481
906,481
907,481
907,481
907,481
908,481
908,481
908,481
909,481
909,481
909,481
910,481
910,481
910,481
911,481
911,481
911,481
912,481
912,481
912,481
913,481
913,481
913,481
914,481
914,481
914,481
915,481
915,481
915,481
916,481
916,481
916,481
917,481
917,481
917,481
918,481
918,481
918,481
919,481
919,481
919,481
920,481
920,481
920,481
921,481
921,481
921,481
922,481
922,481
922,481
923,481
923,481
923,481
924,481
924,481
924,481
925,481
925,481
925,481
926,481
926,481
926,481
927,481
927,481
927,481
928,481
928,481
928,481
929,481
929,481
929,481
930,481
930,481
930,481
931,481
931,481
931,481
932,481
932,481
932,481
933,481
933,481
933,481
934,481
934,481
934,481
935,481
935,481
935,481
936,481
936,481
936,481
937,481
937,481
937,481
938,481
938,481
938,481
939,481
939,481
939,481
940,481
940,481
940,481
941,481
941,481
941,481
942,481
942,481
942,481
943,481
943,481
943,481
944,481
944,481
944,481
945,481
945,481
945,481
946,481
946,481
946,481
947,481
947,481
947,481
948,481
948,481
948,481
949,481
949,481
949,481
950,481
950,481
950,481
951,481
951,481
951,481
952,481
952,481
952,481
953,481
953,481
953,481
954,481
954,481
954,481
955,481
955,481
955,481
956,481
956,481
956,481
957,481
957,481
957,481
958,481
958,481
958,481
959,481
959,481
959,481
960,481
960,481
960,481
961,481
961,481
961,481
962,481
962,481
962,481
963,481
963,481
963,481
964,481
964,481
964,481
965,481
965,481
965,481
966,481
966,481
966,481
967,481
967,481
967,481
968,481
968,481
968,481
969,481
969,481
969,481
969,480
969,480
969,480
969,479
969,479
969,479
969,478
969,478
969,478
969,477
969,477
969,477
969,476
969,476
969,476
969,475
969,475
969,475
969,474
969,474
969,474
969,473
969,473
969,473
969,472
969,472
969,472
969,471
969,471
969,471
969,470
969,470
969,470
969,469
969,469
969,469
969,468
969,468
969,468
969,467
969,467
969,467
969,466
969,466
969,466
969,465
969,465
969,465
969,464
969,464
969,464
969,463
969,463
969,463
969,462
969,462
969,462
969,461
969,461
969,461
969,460
969,460
969,460
969,459
969,459
969,459
969,458
969,458
969,458
969,457
969,457
969,457
969,456
969,456
969,456
969,455
969,455
969,455
969,454
969,454
969,454
969,453
969,453
969,453
969,452
969,452
969,452
969,451
969,451
969,451
969,450
969,450
969,450
969,449
969,449
969,449
969,448
969,448
969,448
969,447
969,447
969,447
969,446
969,446
969,446
969,445
969,445
969,445
969,444
969,444
969,444
969,443
969,443
969,443
969,442
969,442
969,442
969,441
969,441
969,441
969,440
969,440
969,440
969,439
969,439
969,439
969,438
969,438
969,438
969,437
969,437
969,437
969,436
969,436
969,436
969,435
969,435
969,435
969,434
969,434
969,434
969,433
969,433
969,433
969,432
969,432
969,432
969,431
969,431
969,431
969,430
969,430
969,430
969,429
969,429
969,429
969,428
969,428
969,428
969,427
969,427
969,427
969,426
969,426
969,426
969,425
969,425
969,425
969,424
969,424
969,424
969,423
969,423
969,423
969,422
969,422
969,422
969,421
969,421
969,421
969,420
969,420
969,420
969,419
969,419
969,419
969,418
969,418
969,418
969,417
969,417
969,417
969,416
969,416
969,416
969,415
969,415
969,415
969,414
969,414
969,414
969,413
969,413
969,413
969,412
969,412
969,412
969,411
969,411
969,411
969,410
969,410
969,410
969,409
969,409
969,409
969,408
969,408
969,408
969,407
969,407
969,407
969,406
969,406
969,406
969,405
969,405
969,405
969,404
969,404
969,404
969,403
969,403
969,403
969,402
969,402
969,402
969,401
969,401
969,401
969,400
969,400
969,400
969,399
969,399
969,399
969,398
969,398
969,398
969,397
969,397
969,397
969,396
969,396
969,396
969,395
969,395
969,395
969,394
969,394
969,394
969,393
969,393
969,393
969,392
969,392
969,392
969,391
969,391
969,391
969,390
969,390
969,390
969,389
969,389
969,389
969,388
969,388
969,388
969,387
969,387
969,387
969,386
969,386
969,386
969,385
969,385
969,385
969,384
969,384
969,384
969,383
969,383
969,383
969,382
969,382
969,382
969,381
969,381
969,381
969,380
969,380
969,380
969,379
969,379
969,379
969,378
969,378
969,378
969,377
969,377
969,377
969,376
969,376
969,376
969,375
969,375
969,375
969,374
969,374
969,374
969,373
969,373
969,373
969,372
969,372
969,372
969,371
969,371
969,371
969,370
969,370
969,370
969,369
969,369
969,369
969,368
969,368
969,368
969,367
969,367
969,367
969,366
969,366
969,366
969,365
969,365
969,365
969,364
969,364
969,364
969,363
969,363
969,363
969,362
969,362
969,362
969,361
969,361
969,361
969,360
969,360
969,360
969,359
969,359
969,359
969,358
969,358
969,358
969,357
969,357
969,357
969,356
969,356
969,356
969,355
969,355
969,355
969,354
969,354
969,354
969,353
969,353
969,353
969,352
969,352
969,352
969,351
969,351
969,351
969,350
969,350
969,350
969,349
969,349
969,349
969,348
969,348
969,348
969,347
969,347
969,347
969,346
969,346
969,346
969,345
969,345
969,345
969,344
969,344
969,344
969,343
969,343
969,343
969,342
969,342
969,342
969,341
969,341
969,341
969,340
969,340
969,340
969,339
969,339
969,339
969,338
969,338
969,338
969,337
969,337
969,337
969,336
969,336
969,336
969,335
969,335
969,335
969,334
969,334
969,334
969,333
969,333
969,333
969,332
969,332
969,332
969,331
969,331
969,331
969,330
969,330
969,330
969,329
969,329
969,329
969,328
969,328
969,328
969,327
969,327
969,327
969,326
969,326
969,326
969,325
969,325
969,325
969,324
969,324
969,324
969,323
969,323
969,323
969,322
969,322
969,322
969,321
969,321
969,321
969,320
969,320
969,320
969,319
969,319
969,319
969,318
969,318
969,318
969,317
969,317
969,317
969,316
969,316
969,316
969,315
969,315
969,315
969,314
969,314
969,314
969,313
969,313
969,313
969,312
969,312
969,312
969,311
969,311
969,311
969,310
969,310
969,310
969,309
969,309
969,309
969,308
969,308
969,308
969,307
969,307
969,307
969,306
969,306
969,306
969,305
969,305
969,305
969,304
969,304
969,304
969,303
969,303
969,303
969,302
969,302
969,302
969,301
969,301
969,301
969,300
969,300
969,300
969,299
969,299
969,299
969,298
969,298
969,298
969,297
969,297
969,297
969,296
969,296
969,296
969,295
969,295
969,295
969,294
969,294
969,294
969,293
969,293
969,293
969,292
969,292
969,292
969,291
969,291
969,291
969,290
969,290
969,290
969,289
969,289
969,289
969,288
969,288
969,288
969,287
969,287
969,287
969,286
969,286
969,286
969,285
969,285
969,285
969,284
969,284
969,284
969,283
969,283
969,283
969,282
969,282
969,282
969,281
969,281
969,281
969,280
969,280
969,280
969,279
969,279
969,279
969,278
969,278
969,278
969,277
969,277
969,277
969,276
969,276
969,276
969,275
969,275
969,275
969,274
969,274
969,274
969,273
969,273
969,273
969,272
969,272
969,272
969,271
969,271
969,271
969,270
969,270
969,270
969,269
969,269
969,269
969,268
969,268
969,268
969,267
969,267
969,267
969,266
969,266
969,266
969,265
969,265
969,265
969,264
969,264
969,264
969,263
969,263
969,263
969,262
969,262
969,262
969,261
969,261
969,261
969,260
969,260
969,260
969,259
969,259
969,259
969,258
969,258
969,258
969,257
969,257
969,257
969,256
969,256
969,256
969,255
969,255
969,255
969,254
969,254
969,254
969,253
969,253
969,253
969,252
969,252
969,252
969,251
969,251
969,251
969,250
969,250
969,250
969,249
969,249
969,249
969,248
969,248
969,248
969,247
969,247
969,247
969,246
969,246
969,246
969,245
969,245
969,245
969,244
969,244
969,244
969,243
969,243
969,243
969,242
969,242
969,242
969,241
969,241
969,241
969,240
969,240
969,240
969,239
969,239
969,239
969,238
969,238
969,238
969,237
969,237
969,237
969,236
969,236
969,236
969,235
969,235
969,235
969,234
969,234
969,234
969,233
969,233
969,233
969,232
969,232
969,232
969,231
969,231
969,231
969,230
969,230
969,230
969,229
969,229
969,229
969,228
969,228
969,228
969,227
969,227
969,227
969,226
969,226
969,226
969,225
969,225
969,225
969,224
969,224
969,224
969,223
969,223
969,223
969,222
969,222
969,222
969,221
969,221
969,221
969,220
969,220
969,220
969,219
969,219
969,219
969,218
969,218
969,218
969,217
969,217
969,217
969,216
969,216
969,216
969,215
969,215
969,215
969,214
969,214
969,214
969,213
969,213
969,213
969,212
969,212
969,212
969,211
969,211
969,211
969,210
969,210
969,210
969,209
969,209
969,209
969,208
969,208
969,208
969,207
969,207
969,207
969,206
969,206
969,206
969,205
969,205
969,205
969,204
969,204
969,204
969,203
969,203
969,203
969,202
969,202
969,202
969,201
969,201
969,201
969,200
969,200
969,200
969,199
969,199
969,199
969,198
969,198
969,198
969,197
969,197
969,197
969,196
969,196
969,196
969,195
969,195
969,195
969,194
969,194
969,194
969,193
969,193
969,193
969,192
969,192
969,192
969,191
969,191
969,191
969,190
969,190
969,190
969,189
969,189
969,189
969,188
969,188
969,188
969,187
969,187
969,187
969,186
969,186
969,186
969,185
969,185
969,185
969,184
969,184
969,184
969,183
969,183
969,183
969,182
969,182
969,182
969,181
969,181
969,181
969,180
969,180
969,180
969,179
969,179
969,179
969,178
969,178
969,178
969,177
969,177
969,177
969,176
969,176
969,176
969,175
969,175
969,175
969,174
969,174
969,174
969,173
969,173
969,173
969,172
969,172
969,172
969,171
969,171
969,171
969,170
969,170
969,170
969,169
969,169
969,169
969,168
969,168
969,168
969,167
969,167
969,167
969,166
969,166
969,166
969,165
969,165
969,165
969,164
969,164
969,164
969,163
969,163
969,163
969,162
969,162
969,162
969,161
969,161
969,161
969,160
969,160
969,160
969,159
969,159
969,159
969,158
969,158
969,158
969,157
969,157
969,157
969,156
969,156
969,156
969,155
969,155
969,155
969,154
969,154
969,154
969,153
969,153
969,153
969,152
969,152
969,152
969,151
969,151
969,151
969,150
969,150
969,150
969,149
969,149
969,149
969,148
969,148
969,148
969,147
969,147
969,147
969,146
969,146
969,146
969,145
969,145
969,145
969,144
969,144
969,144
969,143
969,143
969,143
969,142
969,142
969,142
969,141
969,141
969,141
969,140
969,140
969,140
969,139
969,139
969,139
969,138
969,138
969,138
969,137
969,137
969,137
969,136
969,136
969,136
969,135
969,135
969,135
969,134
969,134
969,134
969,133
969,133
969,133
969,132
969,132
969,132
969,131
969,131
969,131
969,130
969,130
969,130
969,129
969,129
969,129
969,128
969,128
969,128
969,127
969,127
969,127
969,126
969,126
969,126
969,125
969,125
969,125
969,124
969,124
969,124
969,123
969,123
969,123
969,122
969,122
969,122
969,121
969,121
969,121
969,120
969,120
969,120
969,119
969,119
969,119
969,118
969,118
969,118
969,117
969,117
969,117
969,116
969,116
969,116
969,115
969,115
969,115
969,114
969,114
969,114
969,113
969,113
969,113
969,112
969,112
969,112
969,111
969,111
969,111
969,110
969,110
969,110
969,109
969,109
969,109
969,108
969,108
969,108
969,107
969,107
969,107
969,106
969,106
969,106
969,105
969,105
969,105
969,104
969,104
969,104
969,103
969,103
969,103
969,102
969,102
969,102
969,101
969,101
969,101
969,100
969,100
969,100
969,99
969,99
969,99
969,98
969,98
969,98
969,97
969,97
969,97
969,96
969,96
969,96
969,95
969,95
969,95
969,94
969,94
969,94
969,93
969,93
969,93
969,92
969,92
969,92
969,91
969,91
969,91
969,90
969,90
969,90
969,89
969,89
969,89
969,88
969,88
969,88
969,87
969,87
969,87
969,86
969,86
969,86
969,85
969,85
969,85
969,84
969,84
969,84
969,83
969,83
969,83
969,82
969,82
969,82
969,81
969,81
969,81
969,80
969,80
969,80
969,79
969,79
969,79
969,78
969,78
969,78
969,77
969,77
969,77
969,76
969,76
969,76
969,75
969,75
969,75
969,74
969,74
969,74
969,73
969,73
969,73
969,72
969,72
969,72
969,71
969,71
969,71
969,70
969,70
969,70
969,69
969,69
969,69
969,68
969,68
969,68
969,67
969,67
969,67
969,66
969,66
969,66
969,65
969,65
969,65
969,64
969,64
969,64
968,64
968,64
968,64
967,64
967,64
967,64
966,64
966,64
966,64
965,64
965,64
965,64
964,64
964,64
964,64
963,64
963,64
963,64
962,64
962,64
962,64
961,64
961,64
961,64
960,64
960,64
960,64
959,64
959,64
959,64
958,64
958,64
958,64
957,64
957,64
957,64
956,64
956,64
956,64
955,64
955,64
955,64
954,64
954,64
954,64
953,64
953,64
953,64
952,64
952,64
952,64
951,64
951,64
951,64
950,64
950,64
950,64
949,64
949,64
949,64
948,64
948,64
948,64
947,64
947,64
947,64
946,64
946,64
946,64
945,64
945,64
945,64
944,64
944,64
944,64
943,64
943,64
943,64
942,64
942,64
942,64
941,64
941,64
941,64
940,64
940,64
940,64
939,64
939,64
939,64
938,64
938,64
938,64
937,64
937,64
937,64
936,64
936,64
936,64
935,64
935,64
935,64
934,64
934,64
934,64
933,64
933,64
933,64
932,64
932,64
932,64
931,64
931,64
931,64
930,64
930,64
930,64
929,64
929,64
929,64
928,64
928,64
928,64
927,64
927,64
927,64
926,64
926,64
926,64
925,64
925,64
925,64
924,64
924,64
924,64
923,64
923,64
923,64
922,64
922,64
922,64
921,64
921,64
921,64
920,64
920,64
920,64
919,64
919,64
919,64
918,64
918,64
918,64
917,64
917,64
917,64
916,64
916,64
916,64
915,64
915,64
915,64
914,64
914,64
914,64
913,64
913,64
913,64
912,64
912,64
912,64
911,64
911,64
911,64
910,64
910,64
910,64
909,64
909,64
909,64
908,64
908,64
908,64
907,64
907,64
907,64
906,64
906,64
906,64
905,64
905,64
905,64
904,64
904,64
904,64
903,64
903,64
903,64
902,64
902,64
902,64
901,64
901,64
901,64
900,64
900,64
900,64
899,64
899,64
899,64
898,64
898,64
898,64
897,64
897,64
897,64
896,64
896,64
896,64
895,64
895,64
895,64
894,64
894,64
894,64
893,64
893,64
893,64
892,64
892,64
892,64
891,64
891,64
891,64
890,64
890,64
890,64
889,64
889,64
889,64
888,64
888,64
888,64
887,64
887,64
887,64
886,64
886,64
886,64
885,64
885,64
885,64
884,64
884,64
884,64
883,64
883,64
883,64
882,64
882,64
882,64
881,64
881,64
881,64
880,64
880,64
880,64
879,64
879,64
879,64
878,64
878,64
878,64
877,64
877,64
877,64
876,64
876,64
876,64
875,64
875,64
875,64
874,64
874,64
874,64
873,64
873,64
873,64
872,64
872,64
872,64
871,64
871,64
871,64
870,64
870,64
870,64
869,64
869,64
869,64
868,64
868,64
868,64
867,64
867,64
867,64
866,64
866,64
866,64
865,64
865,64
865,64
864,64
864,64
864,64
863,64
863,64
863,64
862,64
862,64
862,64
861,64
861,64
861,64
860,64
860,64
860,64
859,64
859,64
859,64
858,64
858,64
858,64
857,64
857,64
857,64
856,64
856,64
856,64
855,64
855,64
855,64
854,64
854,64
854,64
853,64
853,64
853,64
852,64
852,64
852,64
851,64
851,64
851,64
850,64
850,64
850,64
849,64
849,64
849,64
848,64
848,64
848,64
847,64
847,64
847,64
846,64
846,64
846,64
845,64
845,64
845,64
844,64
844,64
844,64
843,64
843,64
843,64
842,64
842,64
842,64
841,64
841,64
841,64
840,64
840,64
840,64
839,64
839,64
839,64
838,64
838,64
838,64
837,64
837,64
837,64
836,64
836,64
836,64
835,64
835,64
835,64
834,64
834,64
834,64
833,64
833,64
833,64
832,64
832,64
832,64
831,64
831,64
831,64
830,64
830,64
830,64
829,64
829,64
829,64
828,64
828,64
828,64
827,64
827,64
827,64
826,64
826,64
826,64
825,64
825,64
825,64
824,64
824,64
824,64
823,64
823,64
823,64
822,64
822,64
822,64
821,64
821,64
821,64
820,64
820,64
820,64
819,64
819,64
819,64
818,64
818,64
818,64
817,64
817,64
817,64
816,64
816,64
816,64
815,64
815,64
815,64
814,64
814,64
814,64
813,64
813,64
813,64
812,64
812,64
812,64
811,64
811,64
811,64
810,64
810,64
810,64
809,64
809,64
809,64
808,64
808,64
808,64
807,64
807,64
807,64
806,64
806,64
806,64
805,64
805,64
805,64
804,64
804,64
804,64
803,64
803,64
803,64
802,64
802,64
802,64
801,64
801,64
801,64
800,64
800,64
800,64
799,64
799,64
799,64
798,64
798,64
798,64
797,64
797,64
797,64
796,64
796,64
796,64
795,64
795,64
795,64
794,64
794,64
794,64
793,64
793,64
793,64
792,64
792,64
792,64
791,64
791,64
791,64
790,64
790,64
790,64
789,64
789,64
789,64
788,64
788,64
788,64
787,64
787,64
787,64
786,64
786,64
786,64
785,64
785,64
785,64
784,64
784,64
784,64
783,64
783,64
783,64
782,64
782,64
782,64
781,64
781,64
781,64
780,64
780,64
780,64
779,64
779,64
779,64
778,64
778,64
778,64
777,64
777,64
777,64
776,64
776,64
776,64
775,64
775,64
775,64
774,64
774,64
774,64
773,64
773,64
773,64
772,64
772,64
772,64
771,64
771,64
771,64
770,64
770,64
770,64
769,64
769,64
769,64
768,64
768,64
768,64
767,64
767,64
767,64
766,64
766,64
766,64
765,64
765,64
765,64
764,64
764,64
764,64
763,64
763,64
763,64
762,64
762,64
762,64
761,64
761,64
761,64
760,64
760,64
760,64
759,64
759,64
759,64
758,64
758,64
758,64
757,64
757,64
757,64
756,64
756,64
756,64
755,64
755,64
755,64
754,64
754,64
754,64
753,64
753,64
753,64
752,64
752,64
752,64
751,64
751,64
751,64
750,64
750,64
750,64
749,64
749,64
749,64
748,64
748,64
748,64
747,64
747,64
747,64
746,64
746,64
746,64
745,64
745,64
745,64
744,64
744,64
744,64
743,64
743,64
743,64
742,64
742,64
742,64
741,64
741,64
741,64
740,64
740,64
740,64
739,64
739,64
739,64
738,64
738,64
738,64
737,64
737,64
737,64
736,64
736,64
736,64
735,64
735,64
735,64
734,64
734,64
734,64
733,64
733,64
733,64
732,64
732,64
732,64
731,64
731,64
731,64
730,64
730,64
730,64
729,64
729,64
729,64
728,64
728,64
728,64
727,64
727,64
727,64
726,64
726,64
726,64
725,64
725,64
725,64
724,64
724,64
724,64
723,64
723,64
723,64
722,64
722,64
722,64
721,64
721,64
721,64
720,64
720,64
720,64
719,64
719,64
719,64
718,64
718,64
718,64
717,64
717,64
717,64
716,64
716,64
716,64
715,64
715,64
715,64
714,64
714,64
714,64
713,64
713,64
713,64
712,64
712,64
712,64
711,64
711,64
711,64
710,64
710,64
710,64
709,64
709,64
709,64
708,64
708,64
708,64
707,64
707,64
707,64
706,64
706,64
706,64
705,64
705,64
705,64
704,64
704,64
704,64
703,64
703,64
703,64
702,64
702,64
702,64
701,64
701,64
701,64
700,64
700,64
700,64
699,64
699,64
699,64
698,64
698,64
698,64
698,65
698,65
698,65
698,66
698,66
698,66
698,67
698,67
698,67
698,68
698,68
698,68
698,69
698,69
698,69
698,70
698,70
698,70
698,71
698,71
698,71
698,72
698,72
698,72
698,73
698,73
698,73
698,74
698,74
698,74
698,75
698,75
698,75
698,76
698,76
698,76
698,77
698,77
698,77
698,78
698,78
698,78
698,79
698,79
698,79
698,80
698,80
698,80
698,81
698,81
698,81
698,82
698,82
698,82
698,83
698,83
698,83
698,84
698,84
698,84
698,85
698,85
698,85
698,86
698,86
698,86
698,87
698,87
698,87
698,88
698,88
698,88
698,89
698,89
698,89
698,90
698,90
698,90
698,91
698,91
698,91
698,92
698,92
698,92
698,93
698,93
698,93
698,94
698,94
698,94
698,95
698,95
698,95
698,96
698,96
698,96
698,97
698,97
698,97
698,98
698,98
698,98
698,99
698,99
698,99
698,100
698,100
698,100
698,101
698,101
698,101
698,102
698,102
698,102
698,103
698,103
698,103
698,104
698,104
698,104
698,105
698,105
698,105
698,106
698,106
698,106
698,107
698,107
698,107
698,108
698,108
698,108
698,109
698,109
698,109
698,110
698,110
698,110
698,111
698,111
698,111
698,112
698,112
698,112
698,113
698,113
698,113
698,114
698,114
698,114
698,115
698,115
698,115
698,116
698,116
698,116
698,117
698,117
698,117
698,118
698,118
698,118
698,119
698,119
698,119
698,120
698,120
698,120
698,121
698,121
698,121
698,122
698,122
698,122
698,123
698,123
698,123
698,124
698,124
698,124
698,125
698,125
698,125
698,126
698,126
698,126
698,127
698,127
698,127
698,128
698,128
698,128
698,129
698,129
698,129
698,130
698,130
698,130
698,131
698,131
698,131
698,132
698,132
698,132
698,133
698,133
698,133
698,134
698,134
698,134
698,135
698,135
698,135
698,136
698,136
698,136
698,137
698,137
698,137
698,138
698,138
698,138
698,139
698,139
698,139
698,140
698,140
698,140
698,141
698,141
698,141
698,142
698,142
698,142
698,143
698,143
698,143
698,144
698,144
698,144
698,145
698,145
698,145
698,146
698,146
698,146
698,147
698,147
698,147
698,148
698,148
698,148
698,149
698,149
698,149
698,150
698,150
698,150
698,151
698,151
698,151
698,152
698,152
698,152
698,153
698,153
698,153
698,154
698,154
698,154
698,155
698,155
698,155
698,156
698,156
698,156
698,157
698,157
698,157
698,158
698,158
698,158
698,159
698,159
698,159
698,160
698,160
698,160
698,161
698,161
698,161
698,162
698,162
698,162
698,163
698,163
698,163
698,164
698,164
698,164
698,165
698,165
698,165
698,166
698,166
698,166
698,167
698,167
698,167
698,168
698,168
698,168
698,169
698,169
698,169
698,170
698,170
698,170
698,171
698,171
698,171
698,172
698,172
698,172
698,173
698,173
698,173
698,174
698,174
698,174
698,175
698,175
698,175
698,176
698,176
698,176
698,177
698,177
698,177
698,178
698,178
698,178
698,179
698,179
698,179
698,180
698,180
698,180
698,181
698,181
698,181
698,182
698,182
698,182
698,183
698,183
698,183
698,184
698,184
698,184
698,185
698,185
698,185
698,186
698,186
698,186
698,187
698,187
698,187
698,188
698,188
698,188
698,189
698,189
698,189
698,190
698,190
698,190
698,191
698,191
698,191
698,192
698,192
698,192
698,193
698,193
698,193
698,194
698,194
698,194
698,195
698,195
698,195
698,196
698,196
698,196
698,197
698,197
698,197
698,198
698,198
698,198
698,199
698,199
698,199
698,200
698,200
698,200
698,201
698,201
698,201
698,202
698,202
698,202
698,203
698,203
698,203
698,204
698,204
698,204
698,205
698,205
698,205
698,206
698,206
698,206
698,207
698,207
698,207
698,208
698,208
698,208
698,209
698,209
698,209
698,210
698,210
698,210
698,211
698,211
698,211
698,212
698,212
698,212
698,213
698,213
698,213
698,214
698,214
698,214
698,215
698,215
698,215
698,216
698,216
698,216
698,217
698,217
698,217
698,218
698,218
698,218
698,219
698,219
698,219
698,220
698,220
698,220
