7890
-50,506
-50,506
-50,506
-49,506
-49,506
-49,506
-48,506
-48,506
-48,506
-47,506
-47,506
-47,506
-46,506
-46,506
-46,506
-45,506
-45,506
-45,506
-44,506
-44,506
-44,506
-43,506
-43,506
-43,506
-42,506
-42,506
-42,506
-41,506
-41,506
-41,506
-40,506
-40,506
-40,506
-39,506
-39,506
-39,506
-38,506
-38,506
-38,506
-37,506
-37,506
-37,506
-36,506
-36,506
-36,506
-35,506
-35,506
-35,506
-34,506
-34,506
-34,506
-33,506
-33,506
-33,506
-32,506
-32,506
-32,506
-31,506
-31,506
-31,506
-30,506
-30,506
-30,506
-29,506
-29,506
-29,506
-28,506
-28,506
-28,506
-27,506
-27,506
-27,506
-26,506
-26,506
-26,506
-25,506
-25,506
-25,506
-24,506
-24,506
-24,506
-23,506
-23,506
-23,506
-22,506
-22,506
-22,506
-21,506
-21,506
-21,506
-20,506
-20,506
-20,506
-19,506
-19,506
-19,506
-18,506
-18,506
-18,506
-17,506
-17,506
-17,506
-16,506
-16,506
-16,506
-15,506
-15,506
-15,506
-14,506
-14,506
-14,506
-13,506
-13,506
-13,506
-12,506
-12,506
-12,506
-11,506
-11,506
-11,506
-10,506
-10,506
-10,506
-9,506
-9,506
-9,506
-8,506
-8,506
-8,506
-7,506
-7,506
-7,506
-6,506
-6,506
-6,506
-5,506
-5,506
-5,506
-4,506
-4,506
-4,506
-3,506
-3,506
-3,506
-2,506
-2,506
-2,506
-1,506
-1,506
-1,506
0,506
0,506
0,506
1,506
1,506
1,506
2,506
2,506
2,506
3,506
3,506
3,506
4,506
4,506
4,506
5,506
5,506
5,506
6,506
6,506
6,506
7,506
7,506
7,506
8,506
8,506
8,506
9,506
9,506
9,506
10,506
10,506
10,506
11,506
11,506
11,506
12,506
12,506
12,506
13,506
13,506
13,506
14,506
14,506
14,506
15,506
15,506
15,506
16,506
16,506
16,506
17,506
17,506
17,506
18,506
18,506
18,506
19,506
19,506
19,506
20,506
20,506
20,506
21,506
21,506
21,506
22,506
22,506
22,506
23,506
23,506
23,506
24,506
24,506
24,506
25,506
25,506
25,506
26,506
26,506
26,506
27,506
27,506
27,506
28,506
28,506
28,506
29,506
29,506
29,506
30,506
30,506
30,506
31,506
31,506
31,506
32,506
32,506
32,506
33,506
33,506
33,506
34,506
34,506
34,506
35,506
35,506
35,506
36,506
36,506
36,506
37,506
37,506
37,506
38,506
38,506
38,506
39,506
39,506
39,506
40,506
40,506
40,506
41,506
41,506
41,506
42,506
42,506
42,506
43,506
43,506
43,506
44,506
44,506
44,506
45,506
45,506
45,506
46,506
46,506
46,506
47,506
47,506
47,506
48,506
48,506
48,506
49,506
49,506
49,506
50,506
50,506
50,506
51,506
51,506
51,506
52,506
52,506
52,506
53,506
53,506
53,506
54,506
54,506
54,506
55,506
55,506
55,506
56,506
56,506
56,506
57,506
57,506
57,506
58,506
58,506
58,506
59,506
59,506
59,506
60,506
60,506
60,506
61,506
61,506
61,506
62,506
62,506
62,506
63,506
63,506
63,506
64,506
64,506
64,506
65,506
65,506
65,506
66,506
66,506
66,506
67,506
67,506
67,506
68,506
68,506
68,506
69,506
69,506
69,506
70,506
70,506
70,506
71,506
71,506
71,506
72,506
72,506
72,506
73,506
73,506
73,506
74,506
74,506
74,506
75,506
75,506
75,506
76,506
76,506
76,506
77,506
77,506
77,506
78,506
78,506
78,506
79,506
79,506
79,506
80,506
80,506
80,506
81,506
81,506
81,506
82,506
82,506
82,506
83,506
83,506
83,506
84,506
84,506
84,506
85,506
85,506
85,506
86,506
86,506
86,506
87,506
87,506
87,506
88,506
88,506
88,506
89,506
89,506
89,506
90,506
90,506
90,506
91,506
91,506
91,506
92,506
92,506
92,506
93,506
93,506
93,506
94,506
94,506
94,506
95,506
95,506
95,506
96,506
96,506
96,506
97,506
97,506
97,506
98,506
98,506
98,506
99,506
99,506
99,506
100,506
100,506
100,506
101,506
101,506
101,506
102,506
102,506
102,506
103,506
103,506
103,506
104,506
104,506
104,506
105,506
105,506
105,506
106,506
106,506
106,506
107,506
107,506
107,506
108,506
108,506
108,506
109,506
109,506
109,506
110,506
110,506
110,506
111,506
111,506
111,506
112,506
112,506
112,506
113,506
113,506
113,506
114,506
114,506
114,506
115,506
115,506
115,506
116,506
116,506
116,506
117,506
117,506
117,506
118,506
118,506
118,506
119,506
119,506
119,506
120,506
120,506
120,506
121,506
121,506
121,506
122,506
122,506
122,506
123,506
123,506
123,506
124,506
124,506
124,506
125,506
125,506
125,506
126,506
126,506
126,506
127,506
127,506
127,506
128,506
128,506
128,506
129,506
129,506
129,506
130,506
130,506
130,506
131,506
131,506
131,506
132,506
132,506
132,506
133,506
133,506
133,506
134,506
134,506
134,506
135,506
135,506
135,506
136,506
136,506
136,506
136,505
136,505
136,505
136,504
136,504
136,504
136,503
136,503
136,503
136,502
136,502
136,502
136,501
136,501
136,501
136,500
136,500
136,500
136,499
136,499
136,499
136,498
136,498
136,498
136,497
136,497
136,497
136,496
136,496
136,496
136,495
136,495
136,495
136,494
136,494
136,494
136,493
136,493
136,493
136,492
136,492
136,492
136,491
136,491
136,491
136,490
136,490
136,490
136,489
136,489
136,489
136,488
136,488
136,488
136,487
136,487
136,487
136,486
136,486
136,486
136,485
136,485
136,485
136,484
136,484
136,484
136,483
136,483
136,483
136,482
136,482
136,482
136,481
136,481
136,481
136,480
136,480
136,480
136,479
136,479
136,479
136,478
136,478
136,478
136,477
136,477
136,477
136,476
136,476
136,476
136,475
136,475
136,475
136,474
136,474
136,474
136,473
136,473
136,473
136,472
136,472
136,472
136,471
136,471
136,471
136,470
136,470
136,470
136,469
136,469
136,469
136,468
136,468
136,468
136,467
136,467
136,467
136,466
136,466
136,466
136,465
136,465
136,465
136,464
136,464
136,464
136,463
136,463
136,463
136,462
136,462
136,462
136,461
136,461
136,461
136,460
136,460
136,460
136,459
136,459
136,459
136,458
136,458
136,458
136,457
136,457
136,457
136,456
136,456
136,456
136,455
136,455
136,455
136,454
136,454
136,454
136,453
136,453
136,453
136,452
136,452
136,452
136,451
136,451
136,451
136,450
136,450
136,450
136,449
136,449
136,449
136,448
136,448
136,448
136,447
136,447
136,447
136,446
136,446
136,446
136,445
136,445
136,445
136,444
136,444
136,444
136,443
136,443
136,443
136,442
136,442
136,442
136,441
136,441
136,441
136,440
136,440
136,440
136,439
136,439
136,439
136,438
136,438
136,438
136,437
136,437
136,437
136,436
136,436
136,436
136,435
136,435
136,435
136,434
136,434
136,434
136,433
136,433
136,433
136,432
136,432
136,432
136,431
136,431
136,431
136,430
136,430
136,430
136,429
136,429
136,429
136,428
136,428
136,428
136,427
136,427
136,427
136,426
136,426
136,426
136,425
136,425
136,425
136,424
136,424
136,424
136,423
136,423
136,423
136,422
136,422
136,422
136,421
136,421
136,421
136,420
136,420
136,420
136,419
136,419
136,419
136,418
136,418
136,418
136,417
136,417
136,417
136,416
136,416
136,416
136,415
136,415
136,415
136,414
136,414
136,414
136,413
136,413
136,413
136,412
136,412
136,412
136,411
136,411
136,411
136,410
136,410
136,410
136,409
136,409
136,409
136,408
136,408
136,408
136,407
136,407
136,407
136,406
136,406
136,406
136,405
136,405
136,405
136,404
136,404
136,404
136,403
136,403
136,403
136,402
136,402
136,402
136,401
136,401
136,401
136,400
136,400
136,400
136,399
136,399
136,399
136,398
136,398
136,398
136,397
136,397
136,397
136,396
136,396
136,396
136,395
136,395
136,395
136,394
136,394
136,394
136,393
136,393
136,393
136,392
136,392
136,392
136,391
136,391
136,391
136,390
136,390
136,390
136,389
136,389
136,389
136,388
136,388
136,388
136,387
136,387
136,387
136,386
136,386
136,386
136,385
136,385
136,385
136,384
136,384
136,384
136,383
136,383
136,383
136,382
136,382
136,382
136,381
136,381
136,381
136,380
136,380
136,380
136,379
136,379
136,379
136,378
136,378
136,378
136,377
136,377
136,377
136,376
136,376
136,376
136,375
136,375
136,375
136,374
136,374
136,374
136,373
136,373
136,373
136,372
136,372
136,372
136,371
136,371
136,371
136,370
136,370
136,370
136,369
136,369
136,369
136,368
136,368
136,368
136,367
136,367
136,367
136,366
136,366
136,366
136,365
136,365
136,365
136,364
136,364
136,364
136,363
136,363
136,363
136,362
136,362
136,362
136,361
136,361
136,361
136,360
136,360
136,360
136,359
136,359
136,359
136,358
136,358
136,358
136,357
136,357
136,357
136,356
136,356
136,356
136,355
136,355
136,355
136,354
136,354
136,354
136,353
136,353
136,353
136,352
136,352
136,352
136,351
136,351
136,351
136,350
136,350
136,350
136,349
136,349
136,349
136,348
136,348
136,348
136,347
136,347
136,347
136,346
136,346
136,346
136,345
136,345
136,345
136,344
136,344
136,344
136,343
136,343
136,343
136,342
136,342
136,342
136,341
136,341
136,341
136,340
136,340
136,340
136,339
136,339
136,339
136,338
136,338
136,338
136,337
136,337
136,337
136,336
136,336
136,336
136,335
136,335
136,335
136,334
136,334
136,334
136,333
136,333
136,333
136,332
136,332
136,332
136,331
136,331
136,331
136,330
136,330
136,330
136,329
136,329
136,329
136,328
136,328
136,328
136,327
136,327
136,327
136,326
136,326
136,326
136,325
136,325
136,325
136,324
136,324
136,324
136,323
136,323
136,323
136,322
136,322
136,322
136,321
136,321
136,321
136,320
136,320
136,320
136,319
136,319
136,319
136,318
136,318
136,318
136,317
136,317
136,317
136,316
136,316
136,316
136,315
136,315
136,315
136,314
136,314
136,314
136,313
136,313
136,313
136,312
136,312
136,312
136,311
136,311
136,311
136,310
136,310
136,310
136,309
136,309
136,309
136,308
136,308
136,308
136,307
136,307
136,307
136,306
136,306
136,306
136,305
136,305
136,305
136,304
136,304
136,304
136,303
136,303
136,303
136,302
136,302
136,302
136,301
136,301
136,301
136,300
136,300
136,300
136,299
136,299
136,299
136,298
136,298
136,298
136,297
136,297
136,297
136,296
136,296
136,296
136,295
136,295
136,295
136,294
136,294
136,294
136,293
136,293
136,293
136,292
136,292
136,292
136,291
136,291
136,291
136,290
136,290
136,290
136,289
136,289
136,289
136,288
136,288
136,288
136,287
136,287
136,287
136,286
136,286
136,286
136,285
136,285
136,285
136,284
136,284
136,284
136,283
136,283
136,283
136,282
136,282
136,282
136,281
136,281
136,281
136,280
136,280
136,280
136,279
136,279
136,279
136,278
136,278
136,278
136,277
136,277
136,277
136,276
136,276
136,276
136,275
136,275
136,275
136,274
136,274
136,274
136,273
136,273
136,273
136,272
136,272
136,272
136,271
136,271
136,271
136,270
136,270
136,270
136,269
136,269
136,269
136,268
136,268
136,268
136,267
136,267
136,267
136,266
136,266
136,266
136,265
136,265
136,265
136,264
136,264
136,264
136,263
136,263
136,263
136,262
136,262
136,262
136,261
136,261
136,261
136,260
136,260
136,260
136,259
136,259
136,259
136,258
136,258
136,258
136,257
136,257
136,257
136,256
136,256
136,256
136,255
136,255
136,255
136,254
136,254
136,254
136,253
136,253
136,253
136,252
136,252
136,252
136,251
136,251
136,251
136,250
136,250
136,250
136,249
136,249
136,249
136,248
136,248
136,248
136,247
136,247
136,247
136,246
136,246
136,246
136,245
136,245
136,245
136,244
136,244
136,244
136,243
136,243
136,243
136,242
136,242
136,242
136,241
136,241
136,241
136,240
136,240
136,240
136,239
136,239
136,239
136,238
136,238
136,238
136,237
136,237
136,237
136,236
136,236
136,236
136,235
136,235
136,235
136,234
136,234
136,234
136,233
136,233
136,233
136,232
136,232
136,232
136,231
136,231
136,231
136,230
136,230
136,230
136,229
136,229
136,229
136,228
136,228
136,228
136,227
136,227
136,227
136,226
136,226
136,226
136,225
136,225
136,225
136,224
136,224
136,224
136,223
136,223
136,223
136,222
136,222
136,222
136,221
136,221
136,221
136,220
136,220
136,220
136,219
136,219
136,219
136,218
136,218
136,218
136,217
136,217
136,217
136,216
136,216
136,216
136,215
136,215
136,215
136,214
136,214
136,214
136,213
136,213
136,213
136,212
136,212
136,212
136,211
136,211
136,211
136,210
136,210
136,210
136,209
136,209
136,209
136,208
136,208
136,208
136,207
136,207
136,207
136,206
136,206
136,206
136,205
136,205
136,205
136,204
136,204
136,204
136,203
136,203
136,203
136,202
136,202
136,202
136,201
136,201
136,201
136,200
136,200
136,200
136,199
136,199
136,199
136,198
136,198
136,198
136,197
136,197
136,197
136,196
136,196
136,196
136,195
136,195
136,195
136,194
136,194
136,194
136,193
136,193
136,193
136,192
136,192
136,192
136,191
136,191
136,191
136,190
136,190
136,190
136,189
136,189
136,189
136,188
136,188
136,188
136,187
136,187
136,187
136,186
136,186
136,186
136,185
136,185
136,185
136,184
136,184
136,184
136,183
136,183
136,183
136,182
136,182
136,182
136,181
136,181
136,181
136,180
136,180
136,180
136,179
136,179
136,179
136,178
136,178
136,178
136,177
136,177
136,177
136,176
136,176
136,176
136,175
136,175
136,175
136,174
136,174
136,174
136,173
136,173
136,173
136,172
136,172
136,172
136,171
136,171
136,171
136,170
136,170
136,170
136,169
136,169
136,169
136,168
136,168
136,168
136,167
136,167
136,167
136,166
136,166
136,166
136,165
136,165
136,165
136,164
136,164
136,164
136,163
136,163
136,163
136,162
136,162
136,162
136,161
136,161
136,161
136,160
136,160
136,160
136,159
136,159
136,159
136,158
136,158
136,158
136,157
136,157
136,157
136,156
136,156
136,156
136,155
136,155
136,155
136,154
136,154
136,154
136,153
136,153
136,153
136,152
136,152
136,152
136,151
136,151
136,151
136,150
136,150
136,150
136,149
136,149
136,149
136,148
136,148
136,148
136,147
136,147
136,147
136,146
136,146
136,146
136,145
136,145
136,145
136,144
136,144
136,144
136,143
136,143
136,143
136,142
136,142
136,142
136,141
136,141
136,141
136,140
136,140
136,140
136,139
136,139
136,139
136,138
136,138
136,138
136,137
136,137
136,137
136,136
136,136
136,136
136,135
136,135
136,135
136,134
136,134
136,134
136,133
136,133
136,133
136,132
136,132
136,132
136,131
136,131
136,131
136,130
136,130
136,130
136,129
136,129
136,129
136,128
136,128
136,128
136,127
136,127
136,127
136,126
136,126
136,126
136,125
136,125
136,125
136,124
136,124
136,124
136,123
136,123
136,123
136,122
136,122
136,122
136,121
136,121
136,121
136,120
136,120
136,120
136,119
136,119
136,119
136,118
136,118
136,118
136,117
136,117
136,117
136,116
136,116
136,116
137,116
137,116
137,116
138,116
138,116
138,116
139,116
139,116
139,116
140,116
140,116
140,116
141,116
141,116
141,116
142,116
142,116
142,116
143,116
143,116
143,116
144,116
144,116
144,116
145,116
145,116
145,116
146,116
146,116
146,116
147,116
147,116
147,116
148,116
148,116
148,116
149,116
149,116
149,116
150,116
150,116
150,116
151,116
151,116
151,116
152,116
152,116
152,116
153,116
153,116
153,116
154,116
154,116
154,116
155,116
155,116
155,116
156,116
156,116
156,116
157,116
157,116
157,116
158,116
158,116
158,116
159,116
159,116
159,116
160,116
160,116
160,116
161,116
161,116
161,116
162,116
162,116
162,116
163,116
163,116
163,116
164,116
164,116
164,116
165,116
165,116
165,116
166,116
166,116
166,116
167,116
167,116
167,116
168,116
168,116
168,116
169,116
169,116
169,116
170,116
170,116
170,116
171,116
171,116
171,116
172,116
172,116
172,116
173,116
173,116
173,116
174,116
174,116
174,116
175,116
175,116
175,116
176,116
176,116
176,116
177,116
177,116
177,116
178,116
178,116
178,116
179,116
179,116
179,116
180,116
180,116
180,116
181,116
181,116
181,116
182,116
182,116
182,116
183,116
183,116
183,116
184,116
184,116
184,116
185,116
185,116
185,116
186,116
186,116
186,116
187,116
187,116
187,116
188,116
188,116
188,116
189,116
189,116
189,116
190,116
190,116
190,116
191,116
191,116
191,116
192,116
192,116
192,116
193,116
193,116
193,116
194,116
194,116
194,116
195,116
195,116
195,116
196,116
196,116
196,116
197,116
197,116
197,116
198,116
198,116
198,116
199,116
199,116
199,116
200,116
200,116
200,116
201,116
201,116
201,116
202,116
202,116
202,116
203,116
203,116
203,116
204,116
204,116
204,116
205,116
205,116
205,116
206,116
206,116
206,116
207,116
207,116
207,116
208,116
208,116
208,116
209,116
209,116
209,116
210,116
210,116
210,116
211,116
211,116
211,116
212,116
212,116
212,116
213,116
213,116
213,116
214,116
214,116
214,116
215,116
215,116
215,116
216,116
216,116
216,116
217,116
217,116
217,116
218,116
218,116
218,116
219,116
219,116
219,116
220,116
220,116
220,116
221,116
221,116
221,116
222,116
222,116
222,116
223,116
223,116
223,116
224,116
224,116
224,116
225,116
225,116
225,116
226,116
226,116
226,116
227,116
227,116
227,116
228,116
228,116
228,116
229,116
229,116
229,116
230,116
230,116
230,116
231,116
231,116
231,116
232,116
232,116
232,116
233,116
233,116
233,116
234,116
234,116
234,116
235,116
235,116
235,116
236,116
236,116
236,116
237,116
237,116
237,116
238,116
238,116
238,116
239,116
239,116
239,116
240,116
240,116
240,116
241,116
241,116
241,116
242,116
242,116
242,116
243,116
243,116
243,116
244,116
244,116
244,116
245,116
245,116
245,116
246,116
246,116
246,116
247,116
247,116
247,116
248,116
248,116
248,116
249,116
249,116
249,116
250,116
250,116
250,116
251,116
251,116
251,116
252,116
252,116
252,116
253,116
253,116
253,116
254,116
254,116
254,116
255,116
255,116
255,116
256,116
256,116
256,116
257,116
257,116
257,116
258,116
258,116
258,116
259,116
259,116
259,116
260,116
260,116
260,116
261,116
261,116
261,116
262,116
262,116
262,116
263,116
263,116
263,116
264,116
264,116
264,116
265,116
265,116
265,116
266,116
266,116
266,116
267,116
267,116
267,116
268,116
268,116
268,116
269,116
269,116
269,116
270,116
270,116
270,116
271,116
271,116
271,116
272,116
272,116
272,116
273,116
273,116
273,116
274,116
274,116
274,116
275,116
275,116
275,116
276,116
276,116
276,116
277,116
277,116
277,116
278,116
278,116
278,116
279,116
279,116
279,116
280,116
280,116
280,116
281,116
281,116
281,116
282,116
282,116
282,116
283,116
283,116
283,116
284,116
284,116
284,116
285,116
285,116
285,116
286,116
286,116
286,116
287,116
287,116
287,116
288,116
288,116
288,116
289,116
289,116
289,116
290,116
290,116
290,116
291,116
291,116
291,116
292,116
292,116
292,116
293,116
293,116
293,116
294,116
294,116
294,116
295,116
295,116
295,116
296,116
296,116
296,116
297,116
297,116
297,116
298,116
298,116
298,116
299,116
299,116
299,116
300,116
300,116
300,116
301,116
301,116
301,116
302,116
302,116
302,116
303,116
303,116
303,116
304,116
304,116
304,116
305,116
305,116
305,116
306,116
306,116
306,116
307,116
307,116
307,116
308,116
308,116
308,116
309,116
309,116
309,116
310,116
310,116
310,116
311,116
311,116
311,116
312,116
312,116
312,116
313,116
313,116
313,116
314,116
314,116
314,116
315,116
315,116
315,116
316,116
316,116
316,116
317,116
317,116
317,116
318,116
318,116
318,116
319,116
319,116
319,116
320,116
320,116
320,116
321,116
321,116
321,116
322,116
322,116
322,116
323,116
323,116
323,116
324,116
324,116
324,116
325,116
325,116
325,116
326,116
326,116
326,116
327,116
327,116
327,116
328,116
328,116
328,116
329,116
329,116
329,116
330,116
330,116
330,116
331,116
331,116
331,116
332,116
332,116
332,116
333,116
333,116
333,116
334,116
334,116
334,116
335,116
335,116
335,116
336,116
336,116
336,116
337,116
337,116
337,116
338,116
338,116
338,116
339,116
339,116
339,116
340,116
340,116
340,116
341,116
341,116
341,116
342,116
342,116
342,116
343,116
343,116
343,116
344,116
344,116
344,116
345,116
345,116
345,116
346,116
346,116
346,116
347,116
347,116
347,116
348,116
348,116
348,116
349,116
349,116
349,116
350,116
350,116
350,116
351,116
351,116
351,116
352,116
352,116
352,116
353,116
353,116
353,116
354,116
354,116
354,116
355,116
355,116
355,116
356,116
356,116
356,116
357,116
357,116
357,116
358,116
358,116
358,116
359,116
359,116
359,116
360,116
360,116
360,116
361,116
361,116
361,116
362,116
362,116
362,116
363,116
363,116
363,116
364,116
364,116
364,116
365,116
365,116
365,116
366,116
366,116
366,116
367,116
367,116
367,116
368,116
368,116
368,116
369,116
369,116
369,116
370,116
370,116
370,116
371,116
371,116
371,116
372,116
372,116
372,116
373,116
373,116
373,116
374,116
374,116
374,116
375,116
375,116
375,116
376,116
376,116
376,116
377,116
377,116
377,116
378,116
378,116
378,116
379,116
379,116
379,116
380,116
380,116
380,116
381,116
381,116
381,116
382,116
382,116
382,116
383,116
383,116
383,116
384,116
384,116
384,116
385,116
385,116
385,116
386,116
386,116
386,116
387,116
387,116
387,116
388,116
388,116
388,116
389,116
389,116
389,116
390,116
390,116
390,116
391,116
391,116
391,116
392,116
392,116
392,116
393,116
393,116
393,116
394,116
394,116
394,116
395,116
395,116
395,116
396,116
396,116
396,116
397,116
397,116
397,116
398,116
398,116
398,116
399,116
399,116
399,116
400,116
400,116
400,116
401,116
401,116
401,116
402,116
402,116
402,116
403,116
403,116
403,116
404,116
404,116
404,116
405,116
405,116
405,116
406,116
406,116
406,116
407,116
407,116
407,116
408,116
408,116
408,116
409,116
409,116
409,116
410,116
410,116
410,116
411,116
411,116
411,116
412,116
412,116
412,116
413,116
413,116
413,116
414,116
414,116
414,116
415,116
415,116
415,116
416,116
416,116
416,116
417,116
417,116
417,116
418,116
418,116
418,116
419,116
419,116
419,116
420,116
420,116
420,116
421,116
421,116
421,116
422,116
422,116
422,116
423,116
423,116
423,116
424,116
424,116
424,116
425,116
425,116
425,116
426,116
426,116
426,116
427,116
427,116
427,116
428,116
428,116
428,116
429,116
429,116
429,116
430,116
430,116
430,116
431,116
431,116
431,116
432,116
432,116
432,116
433,116
433,116
433,116
434,116
434,116
434,116
435,116
435,116
435,116
436,116
436,116
436,116
437,116
437,116
437,116
438,116
438,116
438,116
439,116
439,116
439,116
440,116
440,116
440,116
441,116
441,116
441,116
442,116
442,116
442,116
443,116
443,116
443,116
444,116
444,116
444,116
445,116
445,116
445,116
446,116
446,116
446,116
447,116
447,116
447,116
448,116
448,116
448,116
449,116
449,116
449,116
450,116
450,116
450,116
451,116
451,116
451,116
452,116
452,116
452,116
453,116
453,116
453,116
454,116
454,116
454,116
455,116
455,116
455,116
456,116
456,116
456,116
457,116
457,116
457,116
458,116
458,116
458,116
459,116
459,116
459,116
460,116
460,116
460,116
461,116
461,116
461,116
462,116
462,116
462,116
463,116
463,116
463,116
464,116
464,116
464,116
465,116
465,116
465,116
466,116
466,116
466,116
466,117
466,117
466,117
466,118
466,118
466,118
466,119
466,119
466,119
466,120
466,120
466,120
466,121
466,121
466,121
466,122
466,122
466,122
466,123
466,123
466,123
466,124
466,124
466,124
466,125
466,125
466,125
466,126
466,126
466,126
466,127
466,127
466,127
466,128
466,128
466,128
466,129
466,129
466,129
466,130
466,130
466,130
466,131
466,131
466,131
466,132
466,132
466,132
466,133
466,133
466,133
466,134
466,134
466,134
466,135
466,135
466,135
466,136
466,136
466,136
466,137
466,137
466,137
466,138
466,138
466,138
466,139
466,139
466,139
466,140
466,140
466,140
466,141
466,141
466,141
466,142
466,142
466,142
466,143
466,143
466,143
466,144
466,144
466,144
466,145
466,145
466,145
466,146
466,146
466,146
466,147
466,147
466,147
466,148
466,148
466,148
466,149
466,149
466,149
466,150
466,150
466,150
466,151
466,151
466,151
466,152
466,152
466,152
466,153
466,153
466,153
466,154
466,154
466,154
466,155
466,155
466,155
466,156
466,156
466,156
466,157
466,157
466,157
466,158
466,158
466,158
466,159
466,159
466,159
466,160
466,160
466,160
466,161
466,161
466,161
466,162
466,162
466,162
466,163
466,163
466,163
466,164
466,164
466,164
466,165
466,165
466,165
466,166
466,166
466,166
466,167
466,167
466,167
466,168
466,168
466,168
466,169
466,169
466,169
466,170
466,170
466,170
466,171
466,171
466,171
466,172
466,172
466,172
466,173
466,173
466,173
466,174
466,174
466,174
466,175
466,175
466,175
466,176
466,176
466,176
466,177
466,177
466,177
466,178
466,178
466,178
466,179
466,179
466,179
466,180
466,180
466,180
466,181
466,181
466,181
466,182
466,182
466,182
466,183
466,183
466,183
466,184
466,184
466,184
466,185
466,185
466,185
466,186
466,186
466,186
466,187
466,187
466,187
466,188
466,188
466,188
466,189
466,189
466,189
466,190
466,190
466,190
466,191
466,191
466,191
466,192
466,192
466,192
466,193
466,193
466,193
466,194
466,194
466,194
466,195
466,195
466,195
466,196
466,196
466,196
466,197
466,197
466,197
466,198
466,198
466,198
466,199
466,199
466,199
466,200
466,200
466,200
466,201
466,201
466,201
466,202
466,202
466,202
466,203
466,203
466,203
466,204
466,204
466,204
466,205
466,205
466,205
466,206
466,206
466,206
466,207
466,207
466,207
466,208
466,208
466,208
466,209
466,209
466,209
466,210
466,210
466,210
466,211
466,211
466,211
466,212
466,212
466,212
466,213
466,213
466,213
466,214
466,214
466,214
466,215
466,215
466,215
466,216
466,216
466,216
466,217
466,217
466,217
466,218
466,218
466,218
466,219
466,219
466,219
466,220
466,220
466,220
466,221
466,221
466,221
466,222
466,222
466,222
466,223
466,223
466,223
466,224
466,224
466,224
466,225
466,225
466,225
466,226
466,226
466,226
466,227
466,227
466,227
466,228
466,228
466,228
466,229
466,229
466,229
466,230
466,230
466,230
466,231
466,231
466,231
466,232
466,232
466,232
466,233
466,233
466,233
466,234
466,234
466,234
466,235
466,235
466,235
466,236
466,236
466,236
466,237
466,237
466,237
466,238
466,238
466,238
466,239
466,239
466,239
466,240
466,240
466,240
466,241
466,241
466,241
466,242
466,242
466,242
466,243
466,243
466,243
466,244
466,244
466,244
466,245
466,245
466,245
466,246
466,246
466,246
466,247
466,247
466,247
466,248
466,248
466,248
466,249
466,249
466,249
466,250
466,250
466,250
466,251
466,251
466,251
466,252
466,252
466,252
466,253
466,253
466,253
466,254
466,254
466,254
466,255
466,255
466,255
466,256
466,256
466,256
466,257
466,257
466,257
466,258
466,258
466,258
466,259
466,259
466,259
466,260
466,260
466,260
466,261
466,261
466,261
466,262
466,262
466,262
466,263
466,263
466,263
466,264
466,264
466,264
466,265
466,265
466,265
466,266
466,266
466,266
466,267
466,267
466,267
466,268
466,268
466,268
466,269
466,269
466,269
466,270
466,270
466,270
466,271
466,271
466,271
466,272
466,272
466,272
466,273
466,273
466,273
466,274
466,274
466,274
466,275
466,275
466,275
466,276
466,276
466,276
466,277
466,277
466,277
466,278
466,278
466,278
466,279
466,279
466,279
466,280
466,280
466,280
466,281
466,281
466,281
466,282
466,282
466,282
466,283
466,283
466,283
466,284
466,284
466,284
466,285
466,285
466,285
466,286
466,286
466,286
466,287
466,287
466,287
466,288
466,288
466,288
466,289
466,289
466,289
466,290
466,290
466,290
466,291
466,291
466,291
466,292
466,292
466,292
466,293
466,293
466,293
466,294
466,294
466,294
466,295
466,295
466,295
466,296
466,296
466,296
466,297
466,297
466,297
466,298
466,298
466,298
466,299
466,299
466,299
467,299
467,299
467,299
468,299
468,299
468,299
469,299
469,299
469,299
470,299
470,299
470,299
471,299
471,299
471,299
472,299
472,299
472,299
473,299
473,299
473,299
474,299
474,299
474,299
475,299
475,299
475,299
476,299
476,299
476,299
477,299
477,299
477,299
478,299
478,299
478,299
479,299
479,299
479,299
480,299
480,299
480,299
481,299
481,299
481,299
482,299
482,299
482,299
483,299
483,299
483,299
484,299
484,299
484,299
485,299
485,299
485,299
486,299
486,299
486,299
487,299
487,299
487,299
488,299
488,299
488,299
489,299
489,299
489,299
490,299
490,299
490,299
491,299
491,299
491,299
492,299
492,299
492,299
493,299
493,299
493,299
494,299
494,299
494,299
495,299
495,299
495,299
496,299
496,299
496,299
497,299
497,299
497,299
498,299
498,299
498,299
499,299
499,299
499,299
500,299
500,299
500,299
501,299
501,299
501,299
502,299
502,299
502,299
503,299
503,299
503,299
504,299
504,299
504,299
505,299
505,299
505,299
506,299
506,299
506,299
507,299
507,299
507,299
508,299
508,299
508,299
509,299
509,299
509,299
510,299
510,299
510,299
511,299
511,299
511,299
512,299
512,299
512,299
513,299
513,299
513,299
514,299
514,299
514,299
515,299
515,299
515,299
516,299
516,299
516,299
517,299
517,299
517,299
518,299
518,299
518,299
519,299
519,299
519,299
520,299
520,299
520,299
521,299
521,299
521,299
522,299
522,299
522,299
523,299
523,299
523,299
524,299
524,299
524,299
525,299
525,299
525,299
526,299
526,299
526,299
527,299
527,299
527,299
528,299
528,299
528,299
529,299
529,299
529,299
530,299
530,299
530,299
531,299
531,299
531,299
532,299
532,299
532,299
533,299
533,299
533,299
534,299
534,299
534,299
535,299
535,299
535,299
536,299
536,299
536,299
537,299
537,299
537,299
538,299
538,299
538,299
539,299
539,299
539,299
540,299
540,299
540,299
541,299
541,299
541,299
542,299
542,299
542,299
543,299
543,299
543,299
544,299
544,299
544,299
545,299
545,299
545,299
546,299
546,299
546,299
547,299
547,299
547,299
548,299
548,299
548,299
549,299
549,299
549,299
550,299
550,299
550,299
551,299
551,299
551,299
552,299
552,299
552,299
553,299
553,299
553,299
554,299
554,299
554,299
555,299
555,299
555,299
556,299
556,299
556,299
557,299
557,299
557,299
558,299
558,299
558,299
559,299
559,299
559,299
560,299
560,299
560,299
561,299
561,299
561,299
562,299
562,299
562,299
563,299
563,299
563,299
564,299
564,299
564,299
565,299
565,299
565,299
566,299
566,299
566,299
567,299
567,299
567,299
568,299
568,299
568,299
569,299
569,299
569,299
570,299
570,299
570,299
571,299
571,299
571,299
572,299
572,299
572,299
573,299
573,299
573,299
574,299
574,299
574,299
575,299
575,299
575,299
576,299
576,299
576,299
577,299
577,299
577,299
578,299
578,299
578,299
579,299
579,299
579,299
580,299
580,299
580,299
581,299
581,299
581,299
582,299
582,299
582,299
583,299
583,299
583,299
584,299
584,299
584,299
585,299
585,299
585,299
586,299
586,299
586,299
587,299
587,299
587,299
588,299
588,299
588,299
589,299
589,299
589,299
590,299
590,299
590,299
591,299
591,299
591,299
592,299
592,299
592,299
593,299
593,299
593,299
594,299
594,299
594,299
595,299
595,299
595,299
596,299
596,299
596,299
597,299
597,299
597,299
598,299
598,299
598,299
599,299
599,299
599,299
600,299
600,299
600,299
601,299
601,299
601,299
602,299
602,299
602,299
603,299
603,299
603,299
604,299
604,299
604,299
605,299
605,299
605,299
606,299
606,299
606,299
607,299
607,299
607,299
608,299
608,299
608,299
609,299
609,299
609,299
610,299
610,299
610,299
611,299
611,299
611,299
612,299
612,299
612,299
613,299
613,299
613,299
614,299
614,299
614,299
615,299
615,299
615,299
616,299
616,299
616,299
617,299
617,299
617,299
618,299
618,299
618,299
619,299
619,299
619,299
620,299
620,299
620,299
621,299
621,299
621,299
622,299
622,299
622,299
623,299
623,299
623,299
624,299
624,299
624,299
625,299
625,299
625,299
626,299
626,299
626,299
627,299
627,299
627,299
628,299
628,299
628,299
629,299
629,299
629,299
630,299
630,299
630,299
631,299
631,299
631,299
632,299
632,299
632,299
633,299
633,299
633,299
634,299
634,299
634,299
635,299
635,299
635,299
636,299
636,299
636,299
637,299
637,299
637,299
638,299
638,299
638,299
639,299
639,299
639,299
640,299
640,299
640,299
641,299
641,299
641,299
642,299
642,299
642,299
643,299
643,299
643,299
644,299
644,299
644,299
645,299
645,299
645,299
646,299
646,299
646,299
647,299
647,299
647,299
648,299
648,299
648,299
649,299
649,299
649,299
650,299
650,299
650,299
651,299
651,299
651,299
652,299
652,299
652,299
653,299
653,299
653,299
654,299
654,299
654,299
655,299
655,299
655,299
656,299
656,299
656,299
657,299
657,299
657,299
658,299
658,299
658,299
659,299
659,299
659,299
660,299
660,299
660,299
661,299
661,299
661,299
662,299
662,299
662,299
663,299
663,299
663,299
664,299
664,299
664,299
665,299
665,299
665,299
666,299
666,299
666,299
667,299
667,299
667,299
668,299
668,299
668,299
669,299
669,299
669,299
670,299
670,299
670,299
671,299
671,299
671,299
672,299
672,299
672,299
673,299
673,299
673,299
674,299
674,299
674,299
675,299
675,299
675,299
676,299
676,299
676,299
677,299
677,299
677,299
678,299
678,299
678,299
679,299
679,299
679,299
680,299
680,299
680,299
681,299
681,299
681,299
682,299
682,299
682,299
683,299
683,299
683,299
684,299
684,299
684,299
685,299
685,299
685,299
686,299
686,299
686,299
687,299
687,299
687,299
688,299
688,299
688,299
689,299
689,299
689,299
690,299
690,299
690,299
691,299
691,299
691,299
692,299
692,299
692,299
693,299
693,299
693,299
694,299
694,299
694,299
695,299
695,299
695,299
696,299
696,299
696,299
697,299
697,299
697,299
698,299
698,299
698,299
699,299
699,299
699,299
700,299
700,299
700,299
700,300
700,300
700,300
700,301
700,301
700,301
700,302
700,302
700,302
700,303
700,303
700,303
700,304
700,304
700,304
700,305
700,305
700,305
700,306
700,306
700,306
700,307
700,307
700,307
700,308
700,308
700,308
700,309
700,309
700,309
700,310
700,310
700,310
700,311
700,311
700,311
700,312
700,312
700,312
700,313
700,313
700,313
700,314
700,314
700,314
700,315
700,315
700,315
700,316
700,316
700,316
700,317
700,317
700,317
700,318
700,318
700,318
700,319
700,319
700,319
700,320
700,320
700,320
700,321
700,321
700,321
700,322
700,322
700,322
700,323
700,323
700,323
700,324
700,324
700,324
700,325
700,325
700,325
700,326
700,326
700,326
700,327
700,327
700,327
700,328
700,328
700,328
700,329
700,329
700,329
700,330
700,330
700,330
700,331
700,331
700,331
700,332
700,332
700,332
700,333
700,333
700,333
700,334
700,334
700,334
700,335
700,335
700,335
700,336
700,336
700,336
700,337
700,337
700,337
700,338
700,338
700,338
700,339
700,339
700,339
700,340
700,340
700,340
700,341
700,341
700,341
700,342
700,342
700,342
700,343
700,343
700,343
700,344
700,344
700,344
700,345
700,345
700,345
700,346
700,346
700,346
700,347
700,347
700,347
700,348
700,348
700,348
700,349
700,349
700,349
700,350
700,350
700,350
700,351
700,351
700,351
700,352
700,352
700,352
700,353
700,353
700,353
700,354
700,354
700,354
700,355
700,355
700,355
700,356
700,356
700,356
700,357
700,357
700,357
700,358
700,358
700,358
700,359
700,359
700,359
700,360
700,360
700,360
700,361
700,361
700,361
700,362
700,362
700,362
700,363
700,363
700,363
700,364
700,364
700,364
700,365
700,365
700,365
700,366
700,366
700,366
700,367
700,367
700,367
700,368
700,368
700,368
700,369
700,369
700,369
700,370
700,370
700,370
700,371
700,371
700,371
700,372
700,372
700,372
700,373
700,373
700,373
700,374
700,374
700,374
700,375
700,375
700,375
700,376
700,376
700,376
700,377
700,377
700,377
700,378
700,378
700,378
700,379
700,379
700,379
700,380
700,380
700,380
700,381
700,381
700,381
700,382
700,382
700,382
700,383
700,383
700,383
700,384
700,384
700,384
700,385
700,385
700,385
700,386
700,386
700,386
700,387
700,387
700,387
700,388
700,388
700,388
700,389
700,389
700,389
700,390
700,390
700,390
700,391
700,391
700,391
700,392
700,392
700,392
700,393
700,393
700,393
700,394
700,394
700,394
700,395
700,395
700,395
700,396
700,396
700,396
700,397
700,397
700,397
700,398
700,398
700,398
700,399
700,399
700,399
700,400
700,400
700,400
700,401
700,401
700,401
700,402
700,402
700,402
700,403
700,403
700,403
700,404
700,404
700,404
700,405
700,405
700,405
700,406
700,406
700,406
700,407
700,407
700,407
700,408
700,408
700,408
700,409
700,409
700,409
700,410
700,410
700,410
700,411
700,411
700,411
700,412
700,412
700,412
700,413
700,413
700,413
700,414
700,414
700,414
700,415
700,415
700,415
700,416
700,416
700,416
700,417
700,417
700,417
700,418
700,418
700,418
700,419
700,419
700,419
700,420
700,420
700,420
700,421
700,421
700,421
700,422
700,422
700,422
700,423
700,423
700,423
700,424
700,424
700,424
700,425
700,425
700,425
700,426
700,426
700,426
700,427
700,427
700,427
700,428
700,428
700,428
700,429
700,429
700,429
700,430
700,430
700,430
700,431
700,431
700,431
700,432
700,432
700,432
700,433
700,433
700,433
700,434
700,434
700,434
700,435
700,435
700,435
700,436
700,436
700,436
700,437
700,437
700,437
700,438
700,438
700,438
700,439
700,439
700,439
700,440
700,440
700,440
700,441
700,441
700,441
700,442
700,442
700,442
700,443
700,443
700,443
700,444
700,444
700,444
700,445
700,445
700,445
700,446
700,446
700,446
700,447
700,447
700,447
700,448
700,448
700,448
700,449
700,449
700,449
700,450
700,450
700,450
700,451
700,451
700,451
700,452
700,452
700,452
700,453
700,453
700,453
700,454
700,454
700,454
700,455
700,455
700,455
700,456
700,456
700,456
700,457
700,457
700,457
700,458
700,458
700,458
700,459
700,459
700,459
700,460
700,460
700,460
700,461
700,461
700,461
700,462
700,462
700,462
700,463
700,463
700,463
700,464
700,464
700,464
700,465
700,465
700,465
700,466
700,466
700,466
700,467
700,467
700,467
700,468
700,468
700,468
700,469
700,469
700,469
700,470
700,470
700,470
700,471
700,471
700,471
700,472
700,472
700,472
700,473
700,473
700,473
700,474
700,474
700,474
700,475
700,475
700,475
700,476
700,476
700,476
700,477
700,477
700,477
700,478
700,478
700,478
700,479
700,479
700,479
700,480
700,480
700,480
700,481
700,481
700,481
700,482
700,482
700,482
700,483
700,483
700,483
700,484
700,484
700,484
700,485
700,485
700,485
700,486
700,486
700,486
701,486
701,486
701,486
702,486
702,486
702,486
703,486
703,486
703,486
704,486
704,486
704,486
705,486
705,486
705,486
706,486
706,486
706,486
707,486
707,486
707,486
708,486
708,486
708,486
709,486
709,486
709,486
710,486
710,486
710,486
711,486
711,486
711,486
712,486
712,486
712,486
713,486
713,486
713,486
714,486
714,486
714,486
715,486
715,486
715,486
716,486
716,486
716,486
717,486
717,486
717,486
718,486
718,486
718,486
719,486
719,486
719,486
720,486
720,486
720,486
721,486
721,486
721,486
722,486
722,486
722,486
723,486
723,486
723,486
724,486
724,486
724,486
725,486
725,486
725,486
726,486
726,486
726,486
727,486
727,486
727,486
728,486
728,486
728,486
729,486
729,486
729,486
730,486
730,486
730,486
731,486
731,486
731,486
732,486
732,486
732,486
733,486
733,486
733,486
734,486
734,486
734,486
735,486
735,486
735,486
736,486
736,486
736,486
737,486
737,486
737,486
738,486
738,486
738,486
739,486
739,486
739,486
740,486
740,486
740,486
741,486
741,486
741,486
742,486
742,486
742,486
743,486
743,486
743,486
744,486
744,486
744,486
745,486
745,486
745,486
746,486
746,486
746,486
747,486
747,486
747,486
748,486
748,486
748,486
749,486
749,486
749,486
750,486
750,486
750,486
751,486
751,486
751,486
752,486
752,486
752,486
753,486
753,486
753,486
754,486
754,486
754,486
755,486
755,486
755,486
756,486
756,486
756,486
757,486
757,486
757,486
758,486
758,486
758,486
759,486
759,486
759,486
760,486
760,486
760,486
761,486
761,486
761,486
762,486
762,486
762,486
763,486
763,486
763,486
764,486
764,486
764,486
765,486
765,486
765,486
766,486
766,486
766,486
767,486
767,486
767,486
768,486
768,486
768,486
769,486
769,486
769,486
770,486
770,486
770,486
771,486
771,486
771,486
772,486
772,486
772,486
773,486
773,486
773,486
774,486
774,486
774,486
775,486
775,486
775,486
776,486
776,486
776,486
777,486
777,486
777,486
778,486
778,486
778,486
779,486
779,486
779,486
780,486
780,486
780,486
781,486
781,486
781,486
782,486
782,486
782,486
783,486
783,486
783,486
784,486
784,486
784,486
785,486
785,486
785,486
786,486
786,486
786,486
787,486
787,486
787,486
788,486
788,486
788,486
789,486
789,486
789,486
790,486
790,486
790,486
791,486
791,486
791,486
792,486
792,486
792,486
793,486
793,486
793,486
794,486
794,486
794,486
795,486
795,486
795,486
796,486
796,486
796,486
797,486
797,486
797,486
798,486
798,486
798,486
799,486
799,486
799,486
800,486
800,486
800,486
801,486
801,486
801,486
802,486
802,486
802,486
803,486
803,486
803,486
804,486
804,486
804,486
805,486
805,486
805,486
806,486
806,486
806,486
807,486
807,486
807,486
808,486
808,486
808,486
809,486
809,486
809,486
810,486
810,486
810,486
811,486
811,486
811,486
812,486
812,486
812,486
813,486
813,486
813,486
814,486
814,486
814,486
815,486
815,486
815,486
816,486
816,486
816,486
817,486
817,486
817,486
818,486
818,486
818,486
819,486
819,486
819,486
820,486
820,486
820,486
821,486
821,486
821,486
822,486
822,486
822,486
823,486
823,486
823,486
824,486
824,486
824,486
825,486
825,486
825,486
826,486
826,486
826,486
827,486
827,486
827,486
828,486
828,486
828,486
829,486
829,486
829,486
830,486
830,486
830,486
831,486
831,486
831,486
832,486
832,486
832,486
833,486
833,486
833,486
834,486
834,486
834,486
835,486
835,486
835,486
836,486
836,486
836,486
837,486
837,486
837,486
838,486
838,486
838,486
839,486
839,486
839,486
840,486
840,486
840,486
841,486
841,486
841,486
842,486
842,486
842,486
843,486
843,486
843,486
844,486
844,486
844,486
845,486
845,486
845,486
846,486
846,486
846,486
847,486
847,486
847,486
848,486
848,486
848,486
849,486
849,486
849,486
850,486
850,486
850,486
851,486
851,486
851,486
852,486
852,486
852,486
853,486
853,486
853,486
854,486
854,486
854,486
855,486
855,486
855,486
856,486
856,486
856,486
857,486
857,486
857,486
858,486
858,486
858,486
859,486
859,486
859,486
860,486
860,486
860,486
861,486
861,486
861,486
862,486
862,486
862,486
863,486
863,486
863,486
864,486
864,486
864,486
865,486
865,486
865,486
866,486
866,486
866,486
867,486
867,486
867,486
868,486
868,486
868,486
869,486
869,486
869,486
870,486
870,486
870,486
871,486
871,486
871,486
872,486
872,486
872,486
873,486
873,486
873,486
874,486
874,486
874,486
875,486
875,486
875,486
876,486
876,486
876,486
877,486
877,486
877,486
878,486
878,486
878,486
879,486
879,486
879,486
880,486
880,486
880,486
881,486
881,486
881,486
882,486
882,486
882,486
883,486
883,486
883,486
884,486
884,486
884,486
885,486
885,486
885,486
886,486
886,486
886,486
887,486
887,486
887,486
888,486
888,486
888,486
889,486
889,486
889,486
890,486
890,486
890,486
891,486
891,486
891,486
892,486
892,486
892,486
893,486
893,486
893,486
894,486
894,486
894,486
895,486
895,486
895,486
896,486
896,486
896,486
897,486
897,486
897,486
898,486
898,486
898,486
899,486
899,486
899,486
900,486
900,486
900,486
901,486
901,486
901,486
902,486
902,486
902,486
903,486
903,486
903,486
904,486
904,486
904,486
905,486
905,486
905,486
906,486
906,486
906,486
907,486
907,486
907,486
908,486
908,486
908,486
909,486
909,486
909,486
910,486
910,486
910,486
911,486
911,486
911,486
912,486
912,486
912,486
913,486
913,486
913,486
914,486
914,486
914,486
915,486
915,486
915,486
916,486
916,486
916,486
917,486
917,486
917,486
918,486
918,486
918,486
919,486
919,486
919,486
920,486
920,486
920,486
921,486
921,486
921,486
922,486
922,486
922,486
923,486
923,486
923,486
924,486
924,486
924,486
925,486
925,486
925,486
926,486
926,486
926,486
927,486
927,486
927,486
928,486
928,486
928,486
929,486
929,486
929,486
930,486
930,486
930,486
931,486
931,486
931,486
932,486
932,486
932,486
933,486
933,486
933,486
934,486
934,486
934,486
935,486
935,486
935,486
936,486
936,486
936,486
937,486
937,486
937,486
938,486
938,486
938,486
939,486
939,486
939,486
940,486
940,486
940,486
941,486
941,486
941,486
942,486
942,486
942,486
943,486
943,486
943,486
944,486
944,486
944,486
945,486
945,486
945,486
946,486
946,486
946,486
947,486
947,486
947,486
948,486
948,486
948,486
949,486
949,486
949,486
950,486
950,486
950,486
951,486
951,486
951,486
952,486
952,486
952,486
953,486
953,486
953,486
954,486
954,486
954,486
955,486
955,486
955,486
956,486
956,486
956,486
957,486
957,486
957,486
958,486
958,486
958,486
959,486
959,486
959,486
960,486
960,486
960,486
961,486
961,486
961,486
962,486
962,486
962,486
963,486
963,486
963,486
964,486
964,486
964,486
965,486
965,486
965,486
966,486
966,486
966,486
967,486
967,486
967,486
968,486
968,486
968,486
969,486
969,486
969,486
969,485
969,485
969,485
969,484
969,484
969,484
969,483
969,483
969,483
969,482
969,482
969,482
969,481
969,481
969,481
969,480
969,480
969,480
969,479
969,479
969,479
969,478
969,478
969,478
969,477
969,477
969,477
969,476
969,476
969,476
969,475
969,475
969,475
969,474
969,474
969,474
969,473
969,473
969,473
969,472
969,472
969,472
969,471
969,471
969,471
969,470
969,470
969,470
969,469
969,469
969,469
969,468
969,468
969,468
969,467
969,467
969,467
969,466
969,466
969,466
969,465
969,465
969,465
969,464
969,464
969,464
969,463
969,463
969,463
969,462
969,462
969,462
969,461
969,461
969,461
969,460
969,460
969,460
969,459
969,459
969,459
969,458
969,458
969,458
969,457
969,457
969,457
969,456
969,456
969,456
969,455
969,455
969,455
969,454
969,454
969,454
969,453
969,453
969,453
969,452
969,452
969,452
969,451
969,451
969,451
969,450
969,450
969,450
969,449
969,449
969,449
969,448
969,448
969,448
969,447
969,447
969,447
969,446
969,446
969,446
969,445
969,445
969,445
969,444
969,444
969,444
969,443
969,443
969,443
969,442
969,442
969,442
969,441
969,441
969,441
969,440
969,440
969,440
969,439
969,439
969,439
969,438
969,438
969,438
969,437
969,437
969,437
969,436
969,436
969,436
969,435
969,435
969,435
969,434
969,434
969,434
969,433
969,433
969,433
969,432
969,432
969,432
969,431
969,431
969,431
969,430
969,430
969,430
969,429
969,429
969,429
969,428
969,428
969,428
969,427
969,427
969,427
969,426
969,426
969,426
969,425
969,425
969,425
969,424
969,424
969,424
969,423
969,423
969,423
969,422
969,422
969,422
969,421
969,421
969,421
969,420
969,420
969,420
969,419
969,419
969,419
969,418
969,418
969,418
969,417
969,417
969,417
969,416
969,416
969,416
969,415
969,415
969,415
969,414
969,414
969,414
969,413
969,413
969,413
969,412
969,412
969,412
969,411
969,411
969,411
969,410
969,410
969,410
969,409
969,409
969,409
969,408
969,408
969,408
969,407
969,407
969,407
969,406
969,406
969,406
969,405
969,405
969,405
969,404
969,404
969,404
969,403
969,403
969,403
969,402
969,402
969,402
969,401
969,401
969,401
969,400
969,400
969,400
969,399
969,399
969,399
969,398
969,398
969,398
969,397
969,397
969,397
969,396
969,396
969,396
969,395
969,395
969,395
969,394
969,394
969,394
969,393
969,393
969,393
969,392
969,392
969,392
969,391
969,391
969,391
969,390
969,390
969,390
969,389
969,389
969,389
969,388
969,388
969,388
969,387
969,387
969,387
969,386
969,386
969,386
969,385
969,385
969,385
969,384
969,384
969,384
969,383
969,383
969,383
969,382
969,382
969,382
969,381
969,381
969,381
969,380
969,380
969,380
969,379
969,379
969,379
969,378
969,378
969,378
969,377
969,377
969,377
969,376
969,376
969,376
969,375
969,375
969,375
969,374
969,374
969,374
969,373
969,373
969,373
969,372
969,372
969,372
969,371
969,371
969,371
969,370
969,370
969,370
969,369
969,369
969,369
969,368
969,368
969,368
969,367
969,367
969,367
969,366
969,366
969,366
969,365
969,365
969,365
969,364
969,364
969,364
969,363
969,363
969,363
969,362
969,362
969,362
969,361
969,361
969,361
969,360
969,360
969,360
969,359
969,359
969,359
969,358
969,358
969,358
969,357
969,357
969,357
969,356
969,356
969,356
969,355
969,355
969,355
969,354
969,354
969,354
969,353
969,353
969,353
969,352
969,352
969,352
969,351
969,351
969,351
969,350
969,350
969,350
969,349
969,349
969,349
969,348
969,348
969,348
969,347
969,347
969,347
969,346
969,346
969,346
969,345
969,345
969,345
969,344
969,344
969,344
969,343
969,343
969,343
969,342
969,342
969,342
969,341
969,341
969,341
969,340
969,340
969,340
969,339
969,339
969,339
969,338
969,338
969,338
969,337
969,337
969,337
969,336
969,336
969,336
969,335
969,335
969,335
969,334
969,334
969,334
969,333
969,333
969,333
969,332
969,332
969,332
969,331
969,331
969,331
969,330
969,330
969,330
969,329
969,329
969,329
969,328
969,328
969,328
969,327
969,327
969,327
969,326
969,326
969,326
969,325
969,325
969,325
969,324
969,324
969,324
969,323
969,323
969,323
969,322
969,322
969,322
969,321
969,321
969,321
969,320
969,320
969,320
969,319
969,319
969,319
969,318
969,318
969,318
969,317
969,317
969,317
969,316
969,316
969,316
969,315
969,315
969,315
969,314
969,314
969,314
969,313
969,313
969,313
969,312
969,312
969,312
969,311
969,311
969,311
969,310
969,310
969,310
969,309
969,309
969,309
969,308
969,308
969,308
969,307
969,307
969,307
969,306
969,306
969,306
969,305
969,305
969,305
969,304
969,304
969,304
969,303
969,303
969,303
969,302
969,302
969,302
969,301
969,301
969,301
969,300
969,300
969,300
969,299
969,299
969,299
969,298
969,298
969,298
969,297
969,297
969,297
969,296
969,296
969,296
969,295
969,295
969,295
969,294
969,294
969,294
969,293
969,293
969,293
969,292
969,292
969,292
969,291
969,291
969,291
969,290
969,290
969,290
969,289
969,289
969,289
969,288
969,288
969,288
969,287
969,287
969,287
969,286
969,286
969,286
969,285
969,285
969,285
969,284
969,284
969,284
969,283
969,283
969,283
969,282
969,282
969,282
969,281
969,281
969,281
969,280
969,280
969,280
969,279
969,279
969,279
969,278
969,278
969,278
969,277
969,277
969,277
969,276
969,276
969,276
969,275
969,275
969,275
969,274
969,274
969,274
969,273
969,273
969,273
969,272
969,272
969,272
969,271
969,271
969,271
969,270
969,270
969,270
969,269
969,269
969,269
969,268
969,268
969,268
969,267
969,267
969,267
969,266
969,266
969,266
969,265
969,265
969,265
969,264
969,264
969,264
969,263
969,263
969,263
969,262
969,262
969,262
969,261
969,261
969,261
969,260
969,260
969,260
969,259
969,259
969,259
969,258
969,258
969,258
969,257
969,257
969,257
969,256
969,256
969,256
969,255
969,255
969,255
969,254
969,254
969,254
969,253
969,253
969,253
969,252
969,252
969,252
969,251
969,251
969,251
969,250
969,250
969,250
969,249
969,249
969,249
969,248
969,248
969,248
969,247
969,247
969,247
969,246
969,246
969,246
969,245
969,245
969,245
969,244
969,244
969,244
969,243
969,243
969,243
969,242
969,242
969,242
969,241
969,241
969,241
969,240
969,240
969,240
969,239
969,239
969,239
969,238
969,238
969,238
969,237
969,237
969,237
969,236
969,236
969,236
969,235
969,235
969,235
969,234
969,234
969,234
969,233
969,233
969,233
969,232
969,232
969,232
969,231
969,231
969,231
969,230
969,230
969,230
969,229
969,229
969,229
969,228
969,228
969,228
969,227
969,227
969,227
969,226
969,226
969,226
969,225
969,225
969,225
969,224
969,224
969,224
969,223
969,223
969,223
969,222
969,222
969,222
969,221
969,221
969,221
969,220
969,220
969,220
969,219
969,219
969,219
969,218
969,218
969,218
969,217
969,217
969,217
969,216
969,216
969,216
969,215
969,215
969,215
969,214
969,214
969,214
969,213
969,213
969,213
969,212
969,212
969,212
969,211
969,211
969,211
969,210
969,210
969,210
969,209
969,209
969,209
969,208
969,208
969,208
969,207
969,207
969,207
969,206
969,206
969,206
969,205
969,205
969,205
969,204
969,204
969,204
969,203
969,203
969,203
969,202
969,202
969,202
969,201
969,201
969,201
969,200
969,200
969,200
969,199
969,199
969,199
969,198
969,198
969,198
969,197
969,197
969,197
969,196
969,196
969,196
969,195
969,195
969,195
969,194
969,194
969,194
969,193
969,193
969,193
969,192
969,192
969,192
969,191
969,191
969,191
969,190
969,190
969,190
969,189
969,189
969,189
969,188
969,188
969,188
969,187
969,187
969,187
969,186
969,186
969,186
969,185
969,185
969,185
969,184
969,184
969,184
969,183
969,183
969,183
969,182
969,182
969,182
969,181
969,181
969,181
969,180
969,180
969,180
969,179
969,179
969,179
969,178
969,178
969,178
969,177
969,177
969,177
969,176
969,176
969,176
969,175
969,175
969,175
969,174
969,174
969,174
969,173
969,173
969,173
969,172
969,172
969,172
969,171
969,171
969,171
969,170
969,170
969,170
969,169
969,169
969,169
969,168
969,168
969,168
969,167
969,167
969,167
969,166
969,166
969,166
969,165
969,165
969,165
969,164
969,164
969,164
969,163
969,163
969,163
969,162
969,162
969,162
969,161
969,161
969,161
969,160
969,160
969,160
969,159
969,159
969,159
969,158
969,158
969,158
969,157
969,157
969,157
969,156
969,156
969,156
969,155
969,155
969,155
969,154
969,154
969,154
969,153
969,153
969,153
969,152
969,152
969,152
969,151
969,151
969,151
969,150
969,150
969,150
969,149
969,149
969,149
969,148
969,148
969,148
969,147
969,147
969,147
969,146
969,146
969,146
969,145
969,145
969,145
969,144
969,144
969,144
969,143
969,143
969,143
969,142
969,142
969,142
969,141
969,141
969,141
969,140
969,140
969,140
969,139
969,139
969,139
969,138
969,138
969,138
969,137
969,137
969,137
969,136
969,136
969,136
969,135
969,135
969,135
969,134
969,134
969,134
969,133
969,133
969,133
969,132
969,132
969,132
969,131
969,131
969,131
969,130
969,130
969,130
969,129
969,129
969,129
969,128
969,128
969,128
969,127
969,127
969,127
969,126
969,126
969,126
969,125
969,125
969,125
969,124
969,124
969,124
969,123
969,123
969,123
969,122
969,122
969,122
969,121
969,121
969,121
969,120
969,120
969,120
969,119
969,119
969,119
969,118
969,118
969,118
969,117
969,117
969,117
969,116
969,116
969,116
969,115
969,115
969,115
969,114
969,114
969,114
969,113
969,113
969,113
969,112
969,112
969,112
969,111
969,111
969,111
969,110
969,110
969,110
969,109
969,109
969,109
969,108
969,108
969,108
969,107
969,107
969,107
969,106
969,106
969,106
969,105
969,105
969,105
969,104
969,104
969,104
969,103
969,103
969,103
969,102
969,102
969,102
969,101
969,101
969,101
969,100
969,100
969,100
969,99
969,99
969,99
969,98
969,98
969,98
969,97
969,97
969,97
969,96
969,96
969,96
969,95
969,95
969,95
969,94
969,94
969,94
969,93
969,93
969,93
969,92
969,92
969,92
969,91
969,91
969,91
969,90
969,90
969,90
969,89
969,89
969,89
969,88
969,88
969,88
969,87
969,87
969,87
969,86
969,86
969,86
969,85
969,85
969,85
969,84
969,84
969,84
969,83
969,83
969,83
969,82
969,82
969,82
969,81
969,81
969,81
969,80
969,80
969,80
969,79
969,79
969,79
969,78
969,78
969,78
969,77
969,77
969,77
969,76
969,76
969,76
969,75
969,75
969,75
969,74
969,74
969,74
969,73
969,73
969,73
969,72
969,72
969,72
969,71
969,71
969,71
969,70
969,70
969,70
969,69
969,69
969,69
969,68
969,68
969,68
969,67
969,67
969,67
968,67
968,67
968,67
967,67
967,67
967,67
966,67
966,67
966,67
965,67
965,67
965,67
964,67
964,67
964,67
963,67
963,67
963,67
962,67
962,67
962,67
961,67
961,67
961,67
960,67
960,67
960,67
959,67
959,67
959,67
958,67
958,67
958,67
957,67
957,67
957,67
956,67
956,67
956,67
955,67
955,67
955,67
954,67
954,67
954,67
953,67
953,67
953,67
952,67
952,67
952,67
951,67
951,67
951,67
950,67
950,67
950,67
949,67
949,67
949,67
948,67
948,67
948,67
947,67
947,67
947,67
946,67
946,67
946,67
945,67
945,67
945,67
944,67
944,67
944,67
943,67
943,67
943,67
942,67
942,67
942,67
941,67
941,67
941,67
940,67
940,67
940,67
939,67
939,67
939,67
938,67
938,67
938,67
937,67
937,67
937,67
936,67
936,67
936,67
935,67
935,67
935,67
934,67
934,67
934,67
933,67
933,67
933,67
932,67
932,67
932,67
931,67
931,67
931,67
930,67
930,67
930,67
929,67
929,67
929,67
928,67
928,67
928,67
927,67
927,67
927,67
926,67
926,67
926,67
925,67
925,67
925,67
924,67
924,67
924,67
923,67
923,67
923,67
922,67
922,67
922,67
921,67
921,67
921,67
920,67
920,67
920,67
919,67
919,67
919,67
918,67
918,67
918,67
917,67
917,67
917,67
916,67
916,67
916,67
915,67
915,67
915,67
914,67
914,67
914,67
913,67
913,67
913,67
912,67
912,67
912,67
911,67
911,67
911,67
910,67
910,67
910,67
909,67
909,67
909,67
908,67
908,67
908,67
907,67
907,67
907,67
906,67
906,67
906,67
905,67
905,67
905,67
904,67
904,67
904,67
903,67
903,67
903,67
902,67
902,67
902,67
901,67
901,67
901,67
900,67
900,67
900,67
899,67
899,67
899,67
898,67
898,67
898,67
897,67
897,67
897,67
896,67
896,67
896,67
895,67
895,67
895,67
894,67
894,67
894,67
893,67
893,67
893,67
892,67
892,67
892,67
891,67
891,67
891,67
890,67
890,67
890,67
889,67
889,67
889,67
888,67
888,67
888,67
887,67
887,67
887,67
886,67
886,67
886,67
885,67
885,67
885,67
884,67
884,67
884,67
883,67
883,67
883,67
882,67
882,67
882,67
881,67
881,67
881,67
880,67
880,67
880,67
879,67
879,67
879,67
878,67
878,67
878,67
877,67
877,67
877,67
876,67
876,67
876,67
875,67
875,67
875,67
874,67
874,67
874,67
873,67
873,67
873,67
872,67
872,67
872,67
871,67
871,67
871,67
870,67
870,67
870,67
869,67
869,67
869,67
868,67
868,67
868,67
867,67
867,67
867,67
866,67
866,67
866,67
865,67
865,67
865,67
864,67
864,67
864,67
863,67
863,67
863,67
862,67
862,67
862,67
861,67
861,67
861,67
860,67
860,67
860,67
859,67
859,67
859,67
858,67
858,67
858,67
857,67
857,67
857,67
856,67
856,67
856,67
855,67
855,67
855,67
854,67
854,67
854,67
853,67
853,67
853,67
852,67
852,67
852,67
851,67
851,67
851,67
850,67
850,67
850,67
849,67
849,67
849,67
848,67
848,67
848,67
847,67
847,67
847,67
846,67
846,67
846,67
845,67
845,67
845,67
844,67
844,67
844,67
843,67
843,67
843,67
842,67
842,67
842,67
841,67
841,67
841,67
840,67
840,67
840,67
839,67
839,67
839,67
838,67
838,67
838,67
837,67
837,67
837,67
836,67
836,67
836,67
835,67
835,67
835,67
834,67
834,67
834,67
833,67
833,67
833,67
832,67
832,67
832,67
831,67
831,67
831,67
830,67
830,67
830,67
829,67
829,67
829,67
828,67
828,67
828,67
827,67
827,67
827,67
826,67
826,67
826,67
825,67
825,67
825,67
824,67
824,67
824,67
823,67
823,67
823,67
822,67
822,67
822,67
821,67
821,67
821,67
820,67
820,67
820,67
819,67
819,67
819,67
818,67
818,67
818,67
817,67
817,67
817,67
816,67
816,67
816,67
815,67
815,67
815,67
814,67
814,67
814,67
813,67
813,67
813,67
812,67
812,67
812,67
811,67
811,67
811,67
810,67
810,67
810,67
809,67
809,67
809,67
808,67
808,67
808,67
807,67
807,67
807,67
806,67
806,67
806,67
805,67
805,67
805,67
804,67
804,67
804,67
803,67
803,67
803,67
802,67
802,67
802,67
801,67
801,67
801,67
800,67
800,67
800,67
799,67
799,67
799,67
798,67
798,67
798,67
797,67
797,67
797,67
796,67
796,67
796,67
795,67
795,67
795,67
794,67
794,67
794,67
793,67
793,67
793,67
792,67
792,67
792,67
791,67
791,67
791,67
790,67
790,67
790,67
789,67
789,67
789,67
788,67
788,67
788,67
787,67
787,67
787,67
786,67
786,67
786,67
785,67
785,67
785,67
784,67
784,67
784,67
783,67
783,67
783,67
782,67
782,67
782,67
781,67
781,67
781,67
780,67
780,67
780,67
779,67
779,67
779,67
778,67
778,67
778,67
777,67
777,67
777,67
776,67
776,67
776,67
775,67
775,67
775,67
774,67
774,67
774,67
773,67
773,67
773,67
772,67
772,67
772,67
771,67
771,67
771,67
770,67
770,67
770,67
769,67
769,67
769,67
768,67
768,67
768,67
767,67
767,67
767,67
766,67
766,67
766,67
765,67
765,67
765,67
764,67
764,67
764,67
763,67
763,67
763,67
762,67
762,67
762,67
761,67
761,67
761,67
760,67
760,67
760,67
759,67
759,67
759,67
758,67
758,67
758,67
757,67
757,67
757,67
756,67
756,67
756,67
755,67
755,67
755,67
754,67
754,67
754,67
753,67
753,67
753,67
752,67
752,67
752,67
751,67
751,67
751,67
750,67
750,67
750,67
749,67
749,67
749,67
748,67
748,67
748,67
747,67
747,67
747,67
746,67
746,67
746,67
745,67
745,67
745,67
744,67
744,67
744,67
743,67
743,67
743,67
742,67
742,67
742,67
741,67
741,67
741,67
740,67
740,67
740,67
739,67
739,67
739,67
738,67
738,67
738,67
737,67
737,67
737,67
736,67
736,67
736,67
735,67
735,67
735,67
734,67
734,67
734,67
733,67
733,67
733,67
732,67
732,67
732,67
731,67
731,67
731,67
730,67
730,67
730,67
729,67
729,67
729,67
728,67
728,67
728,67
727,67
727,67
727,67
726,67
726,67
726,67
725,67
725,67
725,67
724,67
724,67
724,67
723,67
723,67
723,67
722,67
722,67
722,67
721,67
721,67
721,67
720,67
720,67
720,67
719,67
719,67
719,67
718,67
718,67
718,67
717,67
717,67
717,67
716,67
716,67
716,67
715,67
715,67
715,67
714,67
714,67
714,67
713,67
713,67
713,67
712,67
712,67
712,67
711,67
711,67
711,67
710,67
710,67
710,67
709,67
709,67
709,67
708,67
708,67
708,67
707,67
707,67
707,67
706,67
706,67
706,67
705,67
705,67
705,67
704,67
704,67
704,67
703,67
703,67
703,67
702,67
702,67
702,67
702,68
702,68
702,68
702,69
702,69
702,69
702,70
702,70
702,70
702,71
702,71
702,71
702,72
702,72
702,72
702,73
702,73
702,73
702,74
702,74
702,74
702,75
702,75
702,75
702,76
702,76
702,76
702,77
702,77
702,77
702,78
702,78
702,78
702,79
702,79
702,79
702,80
702,80
702,80
702,81
702,81
702,81
702,82
702,82
702,82
702,83
702,83
702,83
702,84
702,84
702,84
702,85
702,85
702,85
702,86
702,86
702,86
702,87
702,87
702,87
702,88
702,88
702,88
702,89
702,89
702,89
702,90
702,90
702,90
702,91
702,91
702,91
702,92
702,92
702,92
702,93
702,93
702,93
702,94
702,94
702,94
702,95
702,95
702,95
702,96
702,96
702,96
702,97
702,97
702,97
702,98
702,98
702,98
702,99
702,99
702,99
702,100
702,100
702,100
702,101
702,101
702,101
702,102
702,102
702,102
702,103
702,103
702,103
702,104
702,104
702,104
702,105
702,105
702,105
702,106
702,106
702,106
702,107
702,107
702,107
702,108
702,108
702,108
702,109
702,109
702,109
702,110
702,110
702,110
702,111
702,111
702,111
702,112
702,112
702,112
702,113
702,113
702,113
702,114
702,114
702,114
702,115
702,115
702,115
702,116
702,116
702,116
702,117
702,117
702,117
702,118
702,118
702,118
702,119
702,119
702,119
702,120
702,120
702,120
702,121
702,121
702,121
702,122
702,122
702,122
702,123
702,123
702,123
702,124
702,124
702,124
702,125
702,125
702,125
702,126
702,126
702,126
702,127
702,127
702,127
702,128
702,128
702,128
702,129
702,129
702,129
702,130
702,130
702,130
702,131
702,131
702,131
702,132
702,132
702,132
702,133
702,133
702,133
702,134
702,134
702,134
702,135
702,135
702,135
702,136
702,136
702,136
702,137
702,137
702,137
702,138
702,138
702,138
702,139
702,139
702,139
702,140
702,140
702,140
702,141
702,141
702,141
702,142
702,142
702,142
702,143
702,143
702,143
702,144
702,144
702,144
702,145
702,145
702,145
702,146
702,146
702,146
702,147
702,147
702,147
702,148
702,148
702,148
702,149
702,149
702,149
702,150
702,150
702,150
702,151
702,151
702,151
702,152
702,152
702,152
702,153
702,153
702,153
702,154
702,154
702,154
702,155
702,155
702,155
702,156
702,156
702,156
702,157
702,157
702,157
702,158
702,158
702,158
702,159
702,159
702,159
702,160
702,160
702,160
702,161
702,161
702,161
702,162
702,162
702,162
702,163
702,163
702,163
702,164
702,164
702,164
702,165
702,165
702,165
702,166
702,166
702,166
702,167
702,167
702,167
702,168
702,168
702,168
702,169
702,169
702,169
702,170
702,170
702,170
702,171
702,171
702,171
702,172
702,172
702,172
702,173
702,173
702,173
702,174
702,174
702,174
702,175
702,175
702,175
702,176
702,176
702,176
702,177
702,177
702,177
702,178
702,178
702,178
702,179
702,179
702,179
702,180
702,180
702,180
702,181
702,181
702,181
702,182
702,182
702,182
702,183
702,183
702,183
702,184
702,184
702,184
702,185
702,185
702,185
702,186
702,186
702,186
702,187
702,187
702,187
702,188
702,188
702,188
702,189
702,189
702,189
702,190
702,190
702,190
702,191
702,191
702,191
702,192
702,192
702,192
702,193
702,193
702,193
702,194
702,194
702,194
702,195
702,195
702,195
702,196
702,196
702,196
702,197
702,197
702,197
702,198
702,198
702,198
702,199
702,199
702,199
702,200
702,200
702,200
702,201
702,201
702,201
702,202
702,202
702,202
702,203
702,203
702,203
702,204
702,204
702,204
702,205
702,205
702,205
702,206
702,206
702,206
702,207
702,207
702,207
702,208
702,208
702,208
702,209
702,209
702,209
702,210
702,210
702,210
702,211
702,211
702,211
702,212
702,212
702,212
702,213
702,213
702,213
702,214
702,214
702,214
702,215
702,215
702,215
702,216
702,216
702,216
702,217
702,217
702,217
702,218
702,218
702,218
702,219
702,219
702,219
702,220
702,220
702,220
702,221
702,221
702,221
702,222
702,222
702,222
702,223
702,223
702,223
702,224
702,224
702,224
702,225
702,225
702,225
702,226
702,226
702,226
702,227
702,227
702,227
702,228
702,228
702,228
702,229
702,229
702,229
702,230
702,230
702,230
702,231
702,231
702,231
